1194.111	-5.6215863	0.23573932	1.7442013	-1.5029593
1194.1219	-5.6151171	0.23689954	1.7433027	-1.4972866
1194.1331	-5.6087594	0.23830801	1.7424139	-1.4916352
1194.144	-5.6025081	0.23995209	1.741532	-1.4860003
1194.155	-5.5963583	0.24179696	1.7406538	-1.4803354
1194.166	-5.5903049	0.24379206	1.7397768	-1.4747039
1194.177	-5.5843434	0.24595182	1.7389008	-1.4690917
1194.188	-5.5784693	0.24826623	1.7380267	-1.4634922
1194.199	-5.5726781	0.2507039	1.7371566	-1.4579087
1194.21	-5.5669641	0.25322679	1.7362919	-1.4522969
1194.2209	-5.5613236	0.25584534	1.7354319	-1.4466666
1194.2321	-5.5557504	0.25850752	1.7345737	-1.4410266
1194.243	-5.550241	0.26122499	1.7337128	-1.4353254
1194.254	-5.5447898	0.26398385	1.7328452	-1.4296831
1194.265	-5.5393939	0.26676208	1.7319686	-1.4240643
1194.276	-5.5340495	0.26952997	1.7310836	-1.4184573
1194.287	-5.5287533	0.27229911	1.7301933	-1.4128828
1194.298	-5.5235014	0.27504361	1.7293025	-1.4073297
1194.309	-5.518291	0.27772671	1.728415	-1.4017348
1194.3199	-5.5131183	0.28038061	1.7275339	-1.3961111
1194.3311	-5.5079794	0.28298819	1.7266608	-1.3905231
1194.342	-5.5028691	0.28555253	1.7257953	-1.3849181
1194.353	-5.4977837	0.28807935	1.7249357	-1.3792431
1194.364	-5.4927173	0.29055849	1.7240803	-1.373526
1194.375	-5.4876661	0.2930364	1.7232262	-1.3678584
1194.386	-5.482626	0.29550055	1.7223687	-1.3621546
1194.397	-5.4775939	0.29797179	1.7215047	-1.3565124
1194.408	-5.4725666	0.3004342	1.7206321	-1.3509374
1194.4189	-5.4675412	0.30285394	1.7197503	-1.3453604
1194.4301	-5.4625158	0.30529094	1.7188619	-1.3397599
1194.441	-5.4574876	0.30774736	1.7179725	-1.3341417
1194.452	-5.4524541	0.31015775	1.7170882	-1.328583
1194.463	-5.4474134	0.31254727	1.7162141	-1.322997
1194.474	-5.4423637	0.31490317	1.7153534	-1.317353
1194.485	-5.4373035	0.31724989	1.7145053	-1.3117061
1194.496	-5.4322319	0.31958053	1.7136661	-1.3060558
1194.507	-5.4271483	0.32188374	1.7128289	-1.300446
1194.5181	-5.4220519	0.32415929	1.7119865	-1.2948503
1194.5291	-5.4169426	0.32644141	1.7111331	-1.289281
1194.54	-5.4118195	0.32876319	1.7102654	-1.2837406
1194.551	-5.406682	0.33111709	1.7093835	-1.278206
1194.562	-5.4015284	0.33347517	1.7084916	-1.272661
1194.573	-5.3963571	0.3358075	1.7075965	-1.2671484
1194.584	-5.3911667	0.33810383	1.7067062	-1.2615702
1194.595	-5.3859544	0.34040484	1.7058277	-1.2560053
1194.606	-5.3807197	0.34272838	1.7049657	-1.2504128
1194.6171	-5.3754606	0.34501716	1.7041194	-1.2448106
1194.6281	-5.3701773	0.34727421	1.7032839	-1.2391169
1194.639	-5.3648701	0.34954166	1.7024513	-1.2333981
1194.65	-5.3595376	0.35175952	1.7016129	-1.2277433
1194.661	-5.3541799	0.35398927	1.7007613	-1.2221473
1194.672	-5.3487973	0.35626543	1.6998938	-1.2165847
1194.683	-5.3433895	0.35856473	1.6990124	-1.2110276
1194.694	-5.3379579	0.36088005	1.6981229	-1.2054788
1194.705	-5.3325043	0.36322048	1.6972315	-1.1998982
1194.7161	-5.3270297	0.36559802	1.6963444	-1.1943007
1194.7271	-5.3215365	0.36796889	1.6954646	-1.1886777
1194.738	-5.3160257	0.37030715	1.6945914	-1.1830748
1194.749	-5.3104992	0.37261274	1.6937212	-1.1773916
1194.76	-5.3049583	0.37492904	1.69285	-1.1716852
1194.771	-5.2994041	0.37722906	1.6919742	-1.1660107
1194.782	-5.293838	0.37951553	1.6910923	-1.1603323
1194.793	-5.2882614	0.38181883	1.6902058	-1.1546174
1194.804	-5.2826738	0.38411513	1.6893179	-1.1489359
1194.8151	-5.2770753	0.38639045	1.6884326	-1.1431853
1194.826	-5.2714663	0.38868773	1.687553	-1.1374478
1194.837	-5.2658458	0.39099643	1.6866809	-1.1316732
1194.848	-5.2602139	0.39327204	1.6858157	-1.12588
1194.859	-5.25457	0.39557639	1.6849551	-1.1200871
1194.87	-5.2489147	0.39790267	1.6840959	-1.1142548
1194.881	-5.2432485	0.40025011	1.6832343	-1.1084025
1194.892	-5.2375717	0.40259165	1.6823682	-1.1025609
1194.903	-5.2318864	0.40491375	1.681497	-1.096748
1194.9141	-5.2261934	0.40724197	1.6806238	-1.0909053
1194.925	-5.2204943	0.40955254	1.6797535	-1.0851035
1194.936	-5.2147903	0.41185915	1.6788925	-1.0792761
1194.947	-5.2090831	0.41417983	1.678046	-1.0734227
1194.958	-5.2033749	0.41648421	1.6772158	-1.0674767
1194.969	-5.1976662	0.41879088	1.6763989	-1.0615031
1194.98	-5.1919584	0.42107955	1.6755885	-1.0554903
1194.991	-5.1862535	0.42334414	1.6747755	-1.0495341
1195.002	-5.1805515	0.42561612	1.673951	-1.0435458
1195.0131	-5.1748533	0.42789903	1.6731091	-1.0375687
1195.024	-5.169158	0.43024835	1.6722484	-1.0316124
1195.035	-5.1634655	0.43263039	1.6713715	-1.0256516
1195.046	-5.1577759	0.43499362	1.6704844	-1.0196533
1195.057	-5.1520877	0.43735257	1.6695949	-1.0136632
1195.068	-5.1464005	0.43968213	1.6687099	-1.0075953
1195.079	-5.1407132	0.44202986	1.6678342	-1.0014782
1195.09	-5.135025	0.44434595	1.6669695	-0.99534917
1195.101	-5.1293359	0.44663769	1.6661142	-0.9891963
1195.1121	-5.1236458	0.4489491	1.6652638	-0.98299974
1195.123	-5.1179543	0.45126203	1.6644131	-0.97681051
1195.134	-5.1122622	0.45354661	1.6635569	-0.97068179
1195.145	-5.1065707	0.45589277	1.6626911	-0.96451652
1195.156	-5.1008801	0.45825863	1.6618149	-0.95832163
1195.167	-5.095191	0.46062964	1.66093	-0.95214766
1195.178	-5.0895038	0.46303415	1.6600405	-0.94593716
1195.189	-5.0838184	0.46544343	1.6591522	-0.93975115
1195.2	-5.0781355	0.46786481	1.6582717	-0.93354464
1195.2111	-5.0724554	0.47025883	1.6574047	-0.92734116
1195.222	-5.0667787	0.47265393	1.6565541	-0.92108822
1195.233	-5.0611053	0.47501218	1.6557201	-0.91477811
1195.244	-5.0554357	0.47736523	1.6548994	-0.90846652
1195.255	-5.0497708	0.47966906	1.6540853	-0.90218717
1195.266	-5.0441103	0.48199841	1.6532713	-0.89589292
1195.277	-5.038455	0.48430607	1.652451	-0.88959801
1195.288	-5.0328054	0.48663616	1.6516199	-0.88329798
1195.299	-5.0271621	0.48899934	1.6507771	-0.87700844
1195.3101	-5.0215244	0.49139473	1.6499255	-0.87076968
1195.321	-5.015892	0.49378011	1.6490693	-0.86447138
1195.332	-5.0102639	0.49615446	1.6482145	-0.85818404
1195.343	-5.0046396	0.49850833	1.647366	-0.85191524
1195.354	-4.9990182	0.50086278	1.6465262	-0.84562844
1195.365	-4.9934001	0.50319028	1.6456945	-0.83932829
1195.376	-4.9877853	0.50550359	1.6448677	-0.83307821
1195.387	-4.9821749	0.50780141	1.6440409	-0.8267433
1195.3979	-4.9765701	0.51010841	1.6432096	-0.8204301
1195.4091	-4.9709711	0.51240116	1.6423707	-0.81416446
1195.42	-4.9653769	0.51469344	1.6415237	-0.80789983
1195.431	-4.9597864	0.51699591	1.6406709	-0.80161285
1195.442	-4.9541984	0.51927471	1.6398163	-0.79531652
1195.453	-4.9486117	0.52157182	1.6389638	-0.78904271
1195.464	-4.9430246	0.523911	1.6381159	-0.78274161
1195.475	-4.9374371	0.52629566	1.6372722	-0.77645117
1195.486	-4.931849	0.52867323	1.63643	-0.77013755
1195.4969	-4.9262609	0.53101599	1.6355842	-0.76388961
1195.5081	-4.9206734	0.5333305	1.6347303	-0.75764436
1195.519	-4.9150863	0.53563422	1.6338656	-0.75138235
1195.53	-4.9094996	0.53797138	1.6329916	-0.74515361
1195.541	-4.903914	0.54032159	1.6321131	-0.73896176
1195.552	-4.8983293	0.54265219	1.6312374	-0.73272038
1195.563	-4.8927464	0.54497993	1.6303719	-0.72644758
1195.574	-4.8871641	0.54727852	1.6295217	-0.72016871
1195.585	-4.8815827	0.54955143	1.6286873	-0.71386975
1195.5959	-4.8760014	0.55184519	1.6278646	-0.70754969
1195.6071	-4.8704195	0.55414701	1.6270468	-0.70129555
1195.618	-4.8648367	0.55644929	1.6262263	-0.6950888
1195.629	-4.8592525	0.55882162	1.6253973	-0.68886989
1195.64	-4.8536682	0.56117988	1.6245576	-0.68263942
1195.651	-4.848083	0.56353909	1.6237096	-0.67638564
1195.662	-4.8424983	0.56589299	1.6228588	-0.67016429
1195.673	-4.8369136	0.56821203	1.6220125	-0.6639238
1195.684	-4.8313298	0.57055616	1.6211764	-0.65761131
1195.6949	-4.8257475	0.5728932	1.6203532	-0.65128428
1195.7061	-4.8201666	0.57520151	1.6195422	-0.64498878
1195.717	-4.8145871	0.57749981	1.6187383	-0.63866544
1195.728	-4.8090105	0.57975847	1.6179345	-0.63241738
1195.739	-4.8034358	0.58203042	1.6171244	-0.62620139
1195.75	-4.7978635	0.58433282	1.6163031	-0.61998737
1195.761	-4.7922931	0.58664358	1.6154683	-0.6137346
1195.772	-4.786725	0.5889532	1.6146209	-0.607517
1195.783	-4.7811594	0.59127545	1.6137637	-0.60124862
1195.7939	-4.7755957	0.59361637	1.6129004	-0.5949567
1195.8051	-4.7700334	0.59596938	1.6120352	-0.58867317
1195.816	-4.7644715	0.5982917	1.6111708	-0.58242589
1195.827	-4.7589102	0.60058081	1.6103085	-0.57612264
1195.838	-4.7533474	0.60291272	1.6094494	-0.56984216
1195.849	-4.7477837	0.60520017	1.608593	-0.56362998
1195.86	-4.7422166	0.60747504	1.6077384	-0.55739766
1195.871	-4.7366462	0.60974264	1.6068859	-0.55113858
1195.882	-4.731071	0.61202401	1.6060376	-0.54491073
1195.8931	-4.7254896	0.61432463	1.6051947	-0.53867793
1195.9041	-4.719903	0.61666352	1.604359	-0.53241193
1195.915	-4.7143102	0.61901337	1.6035322	-0.5261358
1195.926	-4.7087116	0.62137473	1.6027136	-0.5198347
1195.937	-4.7031078	0.62374955	1.6019008	-0.51354027
1195.948	-4.6974993	0.62612963	1.601091	-0.50726104
1195.959	-4.6918864	0.62852842	1.6002805	-0.5009833
1195.97	-4.6862698	0.63091308	1.5994658	-0.49471474
1195.981	-4.6806512	0.63328868	1.5986457	-0.48848566
1195.9921	-4.6750326	0.63564551	1.5978198	-0.48226482
1196.0031	-4.669416	0.6379984	1.5969889	-0.4760018
1196.014	-4.6638021	0.64033788	1.596155	-0.46977404
1196.025	-4.6581931	0.64266706	1.59532	-0.4635458
1196.036	-4.6525893	0.64497036	1.594484	-0.4572677
1196.047	-4.6469903	0.64728194	1.5936469	-0.45098415
1196.058	-4.6413951	0.64961231	1.5928078	-0.44470882
1196.069	-4.6358018	0.6519677	1.5919657	-0.43849626
1196.08	-4.6302085	0.65431678	1.5911196	-0.43230066
1196.0911	-4.6246138	0.65664423	1.590269	-0.42611313
1196.1021	-4.6190152	0.65895993	1.5894126	-0.41988584
1196.113	-4.6134119	0.66129225	1.5885504	-0.41364318
1196.124	-4.6078033	0.66360712	1.5876821	-0.40742031
1196.135	-4.602191	0.66591316	1.5868084	-0.40120581
1196.146	-4.5965743	0.6682297	1.585932	-0.39498511
1196.157	-4.5909553	0.67054433	1.5850567	-0.38874304
1196.168	-4.5853333	0.6728617	1.5841855	-0.38248274
1196.179	-4.57971	0.67514026	1.5833211	-0.37620628
1196.1901	-4.5740857	0.67741138	1.5824633	-0.36996022
1196.201	-4.5684595	0.67970335	1.581609	-0.36370346
1196.212	-4.5628333	0.68200135	1.5807532	-0.35748672
1196.223	-4.5572066	0.68433625	1.5798906	-0.35125509
1196.234	-4.5515809	0.68670696	1.5790173	-0.34503618
1196.245	-4.5459561	0.6890859	1.5781335	-0.33882216
1196.256	-4.5403333	0.69146508	1.5772427	-0.33270338
1196.267	-4.5347123	0.69380254	1.5763505	-0.32650536
1196.278	-4.5290937	0.69615716	1.5754631	-0.32025
1196.2891	-4.5234776	0.69849038	1.5745854	-0.31398889
1196.3	-4.5178638	0.70077562	1.5737188	-0.30771387
1196.311	-4.5122528	0.70306671	1.5728618	-0.30143231
1196.322	-4.5066433	0.70536345	1.5720121	-0.29517397
1196.333	-4.5010343	0.7076456	1.5711669	-0.28902289
1196.344	-4.4954257	0.70994616	1.5703243	-0.28287145
1196.355	-4.4898167	0.71227175	1.5694835	-0.27668655
1196.366	-4.4842067	0.71460241	1.5686454	-0.27045479
1196.377	-4.4785943	0.71696705	1.567811	-0.26424709
1196.3881	-4.4729805	0.71933705	1.566981	-0.25802022
1196.399	-4.4673638	0.72170335	1.5661544	-0.25171757
1196.41	-4.4617457	0.72406876	1.5653294	-0.24539481
1196.421	-4.4561272	0.72644305	1.5645028	-0.23913093
1196.432	-4.4505091	0.72881156	1.5636696	-0.23285407
1196.443	-4.4448938	0.73113674	1.562826	-0.22661141
1196.454	-4.4392819	0.73344707	1.5619699	-0.22045679
1196.465	-4.4336748	0.73575115	1.5611013	-0.214389
1196.476	-4.4280715	0.73807168	1.5602227	-0.20839484
1196.4871	-4.422472	0.74040186	1.5593379	-0.20243175
1196.498	-4.4168758	0.7427181	1.5584503	-0.19653326
1196.509	-4.411283	0.74501646	1.5575629	-0.19067033
1196.52	-4.405694	0.74730283	1.5566767	-0.18485126
1196.531	-4.4001083	0.74957669	1.555792	-0.17911544
1196.542	-4.3945265	0.75190127	1.5549084	-0.17348254
1196.553	-4.388948	0.7542659	1.5540262	-0.16787642
1196.564	-4.3833723	0.75663435	1.5531459	-0.16235118
1196.575	-4.3777976	0.75896001	1.5522687	-0.15691856
1196.5861	-4.3722229	0.76126498	1.5513959	-0.15157032
1196.597	-4.3666468	0.76357532	1.5505285	-0.14627819
1196.608	-4.3610687	0.76588649	1.5496674	-0.14102496
1196.619	-4.3554873	0.76818287	1.548812	-0.13582507
1196.63	-4.3499045	0.77050227	1.5479618	-0.13066302
1196.641	-4.3443198	0.77281129	1.5471158	-0.12553845
1196.652	-4.3387356	0.77512413	1.546273	-0.12053538
1196.663	-4.3331513	0.77746063	1.5454324	-0.11564839
1196.674	-4.3275681	0.77981311	1.5445936	-0.1108323
1196.6851	-4.3219848	0.7821874	1.5437562	-0.10608141
1196.696	-4.3164015	0.78455687	1.5429206	-0.1014125
1196.707	-4.3108172	0.78693289	1.5420856	-0.096818626
1196.718	-4.305233	0.78931391	1.5412506	-0.092221998
1196.729	-4.2996488	0.79169476	1.5404146	-0.087725341
1196.74	-4.294066	0.79406732	1.5395769	-0.08331155
1196.751	-4.2884874	0.79644132	1.5387378	-0.078966551
1196.762	-4.2829146	0.7987839	1.5378989	-0.074664257
1196.7729	-4.2773476	0.80108917	1.5370626	-0.070458136
1196.7841	-4.2717857	0.80335987	1.5362309	-0.066357575
1196.795	-4.2662287	0.80562556	1.5354038	-0.062313732
1196.806	-4.2606735	0.80788702	1.5345786	-0.058338981
1196.817	-4.2551174	0.81019258	1.5337498	-0.054420915
1196.828	-4.2495589	0.81253254	1.53291	-0.050629936
1196.839	-4.2439957	0.81487763	1.5320508	-0.04689014
1196.85	-4.2384272	0.81724006	1.5311639	-0.043223128
1196.861	-4.2328534	0.81960094	1.5302432	-0.039625231
1196.8719	-4.2272744	0.82192647	1.5292835	-0.036105301
1196.8831	-4.2216907	0.82425171	1.5282807	-0.032613114
1196.894	-4.2161031	0.8265779	1.5272311	-0.029175576
1196.905	-4.2105122	0.82888991	1.5261326	-0.025897799
1196.916	-4.2049189	0.83118331	1.5249833	-0.022684474
1196.927	-4.1993241	0.83345681	1.5237819	-0.019524125
1196.938	-4.1937289	0.83574963	1.52253	-0.016468078
1196.949	-4.1881342	0.83806849	1.5212297	-0.013503319
1196.96	-4.1825409	0.84039557	1.5198836	-0.010603027
1196.9709	-4.1769495	0.84267765	1.5184937	-0.0077386764
1196.9821	-4.1713586	0.84498066	1.5170619	-0.004971772
1196.993	-4.1657677	0.84732389	1.5155888	-0.0022731922
1197.004	-4.1601748	0.84969598	1.5140727	4.0628421E-4
1197.015	-4.1545792	0.85204357	1.5125123	0.0030522542
1197.026	-4.1489816	0.85441333	1.5109066	0.0056903884
1197.037	-4.1433816	0.85676324	1.5092546	0.0083383638
1197.048	-4.1377807	0.85909683	1.5075568	0.010946212
1197.059	-4.1321783	0.86141044	1.5058155	0.013548068
1197.0699	-4.1265755	0.86373109	1.5040336	0.016144097
1197.0811	-4.1209702	0.86606562	1.5022132	0.018763725
1197.092	-4.1153612	0.86838555	1.5003552	0.021422006
1197.103	-4.1097479	0.87067121	1.4984583	0.024021981
1197.114	-4.1041288	0.87297976	1.4965187	0.026586894
1197.125	-4.0985036	0.87530917	1.4945312	0.029136578
1197.136	-4.0928726	0.87765849	1.492491	0.031672504
1197.147	-4.0872369	0.88005811	1.4903954	0.034158096
1197.158	-4.0815988	0.88246405	1.4882435	0.036648415
1197.1689	-4.0759592	0.88487607	1.4860364	0.039115794
1197.1801	-4.0703206	0.88725299	1.4837779	0.041596405
1197.191	-4.064683	0.88959849	1.4814701	0.044064708
1197.202	-4.0590482	0.89193398	1.4791147	0.046579506
1197.213	-4.0534167	0.89425331	1.4767109	0.049080979
1197.224	-4.0477891	0.89657575	1.4742568	0.051581241
1197.235	-4.0421662	0.898884	1.4717485	0.054081596
1197.246	-4.0365477	0.90118074	1.4691833	0.056612294
1197.257	-4.0309339	0.90347147	1.4665606	0.059095297
1197.2681	-4.0253239	0.90576988	1.4638828	0.061550405
1197.2791	-4.0197153	0.90807468	1.4611548	0.063997291
1197.29	-4.0141068	0.91039532	1.4583827	0.066438563
1197.301	-4.0084953	0.91272336	1.4555727	0.06890624
1197.312	-4.0028787	0.91508991	1.4527279	0.071401417
1197.323	-3.9972556	0.91746736	1.4498477	0.073941998
1197.334	-3.9916263	0.91986585	1.4469281	0.076478317
1197.345	-3.9859915	0.92226017	1.4439645	0.078996696
1197.356	-3.9803531	0.92463875	1.4409517	0.081504107
1197.3671	-3.9747131	0.92699569	1.437888	0.083996132
1197.3781	-3.9690735	0.92933428	1.4347756	0.086480141
1197.389	-3.9634361	0.93167138	1.4316207	0.088976204
1197.4	-3.9578011	0.93398601	1.4284322	0.09148255
1197.411	-3.9521687	0.93630373	1.4252191	0.093961842
1197.422	-3.9465392	0.93864238	1.4219886	0.096434794
1197.433	-3.9409118	0.94102389	1.418746	0.098945044
1197.444	-3.9352865	0.94338053	1.4154937	0.10143318
1197.455	-3.9296632	0.9457283	1.412232	0.10394436
1197.4661	-3.9240425	0.94810224	1.4089614	0.10646755
1197.4771	-3.9184241	0.95051593	1.405684	0.10896727
1197.488	-3.9128082	0.95292157	1.4024023	0.11148727
1197.499	-3.9071944	0.9552837	1.3991202	0.11397605
1197.51	-3.9015827	0.95759666	1.3958422	0.11646599
1197.521	-3.8959727	0.95992094	1.3925716	0.11896985
1197.532	-3.8903646	0.96225441	1.3893095	0.12147891
1197.543	-3.8847587	0.96457952	1.3860544	0.12401219
1197.554	-3.8791564	0.9668867	1.382803	0.1265883
1197.5651	-3.873558	0.96920246	1.3795497	0.12912421
1197.576	-3.867964	0.97150266	1.3762895	0.13170192
1197.587	-3.8623745	0.97382307	1.3730185	0.13424009
1197.598	-3.8567882	0.97616017	1.369736	0.13676666
1197.609	-3.8512037	0.97852433	1.3664427	0.1392604
1197.62	-3.8456199	0.98090637	1.3631417	0.14177808
1197.631	-3.8400354	0.98330623	1.3598366	0.14429453
1197.642	-3.83445	0.98569131	1.3565297	0.14679141
1197.653	-3.8288639	0.98807377	1.3532219	0.14934151
1197.6641	-3.8232777	0.99042434	1.3499131	0.15191115
1197.675	-3.817692	0.99272966	1.3466028	0.15451863
1197.686	-3.8121085	0.99503225	1.3432901	0.15713416
1197.697	-3.8065281	0.99734813	1.3399755	0.15977307
1197.708	-3.8009512	0.9996348	1.3366605	0.16238301
1197.719	-3.7953775	1.0019145	1.3333476	0.16501412
1197.73	-3.7898064	1.0041996	1.3300396	0.16761367
1197.741	-3.7842369	1.0065348	1.32674	0.17021102
1197.752	-3.7786677	1.0089046	1.3234515	0.17282356
1197.7631	-3.7730975	1.0112741	1.3201762	0.17543527
1197.774	-3.7675254	1.0136189	1.3169142	0.17806108
1197.785	-3.761951	1.015942	1.3136646	0.18072332
1197.796	-3.7563736	1.0182709	1.3104252	0.18334581
1197.807	-3.7507937	1.020579	1.3071921	0.18596122
1197.818	-3.7452128	1.0228937	1.30396	0.18855745
1197.829	-3.7396321	1.025226	1.300724	0.19112867
1197.84	-3.7340539	1.0275496	1.2974794	0.19367968
1197.851	-3.7284787	1.0298566	1.294222	0.19624954
1197.8621	-3.7229078	1.0321695	1.2909513	0.19877027
1197.873	-3.71734	1.0344701	1.2876693	0.20120503
1197.884	-3.7117741	1.0367831	1.28438	0.20365822
1197.895	-3.7062082	1.0390966	1.2810884	0.20615438
1197.906	-3.7006407	1.0414408	1.2777997	0.20868075
1197.917	-3.69507	1.0437888	1.2745171	0.21124382
1197.928	-3.6894951	1.0461048	1.2712411	0.21379575
1197.939	-3.6839159	1.0484349	1.2679704	0.21630995
1197.95	-3.6783326	1.0507976	1.2647026	0.21884196
1197.9611	-3.6727455	1.0531613	1.261435	0.22138098
1197.972	-3.6671557	1.0554991	1.258167	0.22388999
1197.983	-3.6615646	1.0578405	1.2549	0.2264158
1197.994	-3.6559732	1.0601776	1.2516372	0.22894076
1198.005	-3.6503825	1.0625244	1.2483836	0.2314945
1198.016	-3.6447926	1.0648346	1.2451427	0.23404245
1198.027	-3.6392035	1.0671473	1.2419156	0.2366288
1198.038	-3.633615	1.0694325	1.2387006	0.23919736
1198.049	-3.628026	1.071735	1.2354916	0.24174564
1198.0601	-3.6224363	1.0740714	1.2322806	0.24435632
1198.071	-3.6168458	1.0764619	1.2290601	0.24692167
1198.082	-3.6112545	1.0788561	1.2258246	0.24944668
1198.093	-3.6056628	1.0812261	1.2225727	0.2519564
1198.104	-3.6000705	1.0836087	1.2193084	0.25444502
1198.115	-3.5944769	1.0859637	1.2160389	0.25694704
1198.126	-3.5888805	1.0882744	1.2127726	0.25947052
1198.137	-3.5832803	1.0905888	1.2095162	0.2619656
1198.1479	-3.5776749	1.0929151	1.2062728	0.26449648
1198.1591	-3.5720637	1.0952061	1.2030405	0.26707634
1198.17	-3.5664477	1.0974849	1.1998135	0.26965585
1198.181	-3.5608284	1.0997902	1.1965859	0.27223313
1198.192	-3.555208	1.1021222	1.1933535	0.27479288
1198.203	-3.549588	1.1044343	1.1901159	0.27731222
1198.214	-3.5439696	1.1067687	1.1868767	0.27981606
1198.225	-3.5383537	1.1091366	1.1836421	0.28231275
1198.236	-3.5327394	1.1115299	1.1804181	0.28481838
1198.2469	-3.5271258	1.1138886	1.1772074	0.28737628
1198.2581	-3.5215116	1.1162244	1.1740085	0.28993544
1198.269	-3.5158961	1.1185749	1.1708163	0.29251814
1198.28	-3.5102789	1.1209167	1.167622	0.29508498
1198.291	-3.5046608	1.1232417	1.1644167	0.29768297
1198.302	-3.4990425	1.1255473	1.1611944	0.30020911
1198.313	-3.4934244	1.1278782	1.1579524	0.30273479
1198.324	-3.4878075	1.1302143	1.1546925	0.30526936
1198.335	-3.4821918	1.1325772	1.1514202	0.30776596
1198.3459	-3.4765773	1.1349854	1.1481423	0.31027371
1198.3571	-3.4709635	1.1373895	1.1448646	0.31282347
1198.368	-3.465349	1.1397858	1.1415906	0.31539366
1198.379	-3.4597328	1.1421535	1.1383206	0.31800127
1198.39	-3.454114	1.1445191	1.1350528	0.32066232
1198.401	-3.4484916	1.1468987	1.1317853	0.3232795
1198.412	-3.4428668	1.1492702	1.1285169	0.32589361
1198.423	-3.4372408	1.1516465	1.1252481	0.3285293
1198.434	-3.4316154	1.153996	1.1219816	0.33119753
1198.4449	-3.4259925	1.1563056	1.1187212	0.33381033
1198.4561	-3.4203732	1.158599	1.1154696	0.33642414
1198.467	-3.4147584	1.1608975	1.112228	0.33906046
1198.478	-3.4091487	1.1632224	1.1089963	0.34170544
1198.489	-3.4035437	1.1655546	1.1057725	0.34438017
1198.5	-3.3979433	1.1678718	1.1025543	0.34702331
1198.511	-3.3923471	1.1701974	1.0993398	0.34963685
1198.522	-3.3867543	1.1725346	1.0961282	0.35227901
1198.533	-3.3811641	1.1748599	1.092919	0.35487366
1198.5439	-3.3755755	1.1771898	1.0897121	0.35745192
1198.5551	-3.369987	1.1795285	1.0865074	0.36005005
1198.566	-3.3643978	1.181843	1.0833043	0.36259526
1198.577	-3.3588066	1.1841391	1.0801015	0.36515576
1198.588	-3.3532133	1.1864384	1.0768971	0.36773264
1198.599	-3.3476179	1.1887461	1.0736908	0.37029713
1198.61	-3.34202	1.1910408	1.0704818	0.37281919
1198.621	-3.3364205	1.1933267	1.0672702	0.37535331
1198.632	-3.3308194	1.1956215	1.0640569	0.37792227
1198.6431	-3.3252158	1.1979011	1.060843	0.38049966
1198.6541	-3.3196099	1.2001867	1.0576289	0.38303357
1198.665	-3.3140013	1.2024988	1.0544139	0.38556281
1198.676	-3.3083906	1.2048892	1.0511975	0.38810015
1198.687	-3.3027787	1.2073004	1.0479794	0.39065343
1198.698	-3.2971675	1.2096756	1.0447598	0.39318883
1198.709	-3.2915587	1.2120359	1.0415413	0.39573085
1198.72	-3.2859528	1.2143809	1.0383289	0.39827034
1198.731	-3.2803493	1.2166762	1.0351263	0.40077731
1198.7421	-3.2747478	1.2189604	1.0319355	0.40335247
1198.7531	-3.2691472	1.2212696	1.0287554	0.40595868
1198.764	-3.2635462	1.2235781	1.0255815	0.40853897
1198.775	-3.2579458	1.2258842	1.0224054	0.41112715
1198.786	-3.2523463	1.2282026	1.0192199	0.41370234
1198.797	-3.2467492	1.2305379	1.0160205	0.41621822
1198.808	-3.2411554	1.2328774	1.0128067	0.41870326
1198.819	-3.2355647	1.2352319	1.0095818	0.42120758
1198.83	-3.2299771	1.2376223	1.0063536	0.42369604
1198.8411	-3.2243917	1.2400054	1.0031296	0.42615396
1198.8521	-3.2188075	1.2423704	0.99991482	0.42861533
1198.863	-3.213223	1.2447152	0.99671084	0.43102849
1198.874	-3.207638	1.247017	0.99351525	0.43338847
1198.885	-3.2020519	1.2493429	0.99032176	0.43573603
1198.896	-3.1964641	1.2516179	0.98712373	0.43800104
1198.907	-3.1908748	1.25392	0.98391706	0.44014052
1198.918	-3.1852849	1.2562227	0.98070145	0.44218639
1198.929	-3.1796947	1.2585303	0.97748053	0.44416106
1198.9401	-3.1741047	1.2608367	0.97426146	0.44607177
1198.951	-3.1685154	1.2631688	0.97105151	0.44792634
1198.962	-3.1629264	1.2654778	0.96785474	0.44978514
1198.973	-3.1573365	1.2677742	0.96467096	0.45159224
1198.984	-3.1517446	1.270108	0.96149534	0.45329508
1198.995	-3.1461504	1.2724757	0.95831937	0.4549571
1199.006	-3.1405532	1.2748537	0.95513403	0.4565385
1199.017	-3.1349547	1.2772486	0.95193279	0.45802233
1199.028	-3.1293559	1.2796468	0.94871342	0.45943412
1199.0391	-3.123759	1.2819986	0.94547898	0.46079582
1199.05	-3.1181648	1.2843335	0.94223654	0.46208149
1199.061	-3.1125736	1.2866586	0.93899512	0.46331263
1199.072	-3.1069846	1.2889806	0.93576324	0.46446055
1199.083	-3.1013968	1.2912896	0.93254578	0.46557727
1199.094	-3.0958083	1.2936254	0.92934263	0.4666903
1199.105	-3.0902178	1.295947	0.92614996	0.46776083
1199.116	-3.084625	1.2982994	0.92296058	0.46873856
1199.127	-3.07903	1.3006656	0.91976601	0.46969613
1199.1381	-3.0734336	1.3030598	0.91655993	0.47052026
1199.149	-3.0678365	1.3054693	0.91333973	0.47127238
1199.16	-3.0622396	1.3078699	0.91010606	0.47196758
1199.171	-3.0566432	1.3102626	0.90686339	0.47260192
1199.182	-3.0510473	1.3126382	0.90361834	0.47308895
1199.193	-3.0454519	1.3150051	0.90037704	0.47350809
1199.204	-3.0398564	1.3173509	0.89714408	0.47386652
1199.215	-3.0342612	1.3196796	0.89392167	0.47419733
1199.226	-3.0286663	1.3220099	0.89070892	0.47452059
1199.2371	-3.0230713	1.3242999	0.88750327	0.47479713
1199.248	-3.0174761	1.3265891	0.88430095	0.47499505
1199.259	-3.0118804	1.3288924	0.88109767	0.47512078
1199.27	-3.0062842	1.3312604	0.87788963	0.47516069
1199.281	-3.0006881	1.3336769	0.8746739	0.47508284
1199.292	-2.9950929	1.3360635	0.87144917	0.47492653
1199.303	-2.9894996	1.3384345	0.86821598	0.47462997
1199.314	-2.9839084	1.3407905	0.86497635	0.474323
1199.325	-2.9783189	1.343122	0.86173409	0.47399747
1199.3361	-2.9727302	1.3454344	0.85849351	0.47358808
1199.347	-2.9671404	1.3477272	0.85525739	0.47312632
1199.358	-2.9615481	1.3500118	0.85202652	0.47263825
1199.369	-2.9559524	1.3523008	0.84879965	0.47208408
1199.38	-2.9503527	1.3545738	0.84557301	0.47144949
1199.391	-2.9447494	1.3568422	0.84234238	0.47078165
1199.402	-2.9391434	1.3591356	0.83910483	0.47007585
1199.413	-2.9335353	1.3614682	0.83586025	0.46933219
1199.424	-2.9279256	1.3638293	0.83261192	0.46856096
1199.4351	-2.9223144	1.3662106	0.82936662	0.46775419
1199.446	-2.9167018	1.3685864	0.82613224	0.46695524
1199.457	-2.9110878	1.3709568	0.82291532	0.46618193
1199.468	-2.9054725	1.3732984	0.81971973	0.46547815
1199.479	-2.8998563	1.3756393	0.81654453	0.46479112
1199.49	-2.8942404	1.37796	0.81338358	0.46411929
1199.501	-2.8886263	1.3803	0.81022751	0.46344259
1199.512	-2.8830154	1.3826026	0.80706668	0.46273804
1199.5229	-2.877409	1.3849083	0.80389285	0.46196002
1199.5341	-2.8718083	1.3872179	0.8007012	0.46117994
1199.545	-2.8662136	1.3895478	0.79749298	0.46041119
1199.556	-2.8606246	1.3918751	0.79427397	0.45960766
1199.567	-2.8550391	1.3941888	0.79105192	0.45883873
1199.578	-2.8494554	1.3965049	0.78783453	0.45810568
1199.589	-2.8438699	1.3988514	0.78462702	0.45732644
1199.6	-2.8382804	1.4011983	0.78142941	0.45654121
1199.611	-2.8326848	1.4035499	0.77823657	0.45577168
1199.6219	-2.8270829	1.4059082	0.77504045	0.45503375
1199.6331	-2.8214757	1.4082781	0.77183259	0.45426828
1199.644	-2.8158658	1.410607	0.7686069	0.45348093
1199.655	-2.8102546	1.4129155	0.76536214	0.45264706
1199.666	-2.8046441	1.4152344	0.76210219	0.45180103
1199.677	-2.7990348	1.4175617	0.75883567	0.4509654
1199.688	-2.7934265	1.4198853	0.75557256	0.4501071
1199.699	-2.7878187	1.4222037	0.75232095	0.44929191
1199.71	-2.7822108	1.4245315	0.74908555	0.44851908
1199.7209	-2.7766025	1.4268606	0.74586713	0.44772559
1199.7321	-2.7709947	1.4291764	0.74266154	0.44694954
1199.743	-2.7653883	1.4315413	0.73946303	0.44626421
1199.754	-2.7597845	1.4339447	0.73626661	0.44557863
1199.765	-2.7541838	1.4363377	0.73306841	0.44492492
1199.776	-2.7485862	1.4386919	0.72986674	0.44422525
1199.787	-2.7429907	1.4410231	0.72666264	0.44342551
1199.798	-2.7373953	1.4433457	0.72345734	0.44262233
1199.809	-2.7317979	1.4456892	0.72025192	0.44182229
1199.8199	-2.7261968	1.448037	0.71704745	0.44101757
1199.8311	-2.7205908	1.4503742	0.71384466	0.44026735
1199.842	-2.7149804	1.4527175	0.71064335	0.43954128
1199.853	-2.7093661	1.4550866	0.70744365	0.43882662
1199.864	-2.7037494	1.4574496	0.70424592	0.43811366
1199.875	-2.6981318	1.4598186	0.70104975	0.43733442
1199.886	-2.6925144	1.4622016	0.69785339	0.43656617
1199.897	-2.686898	1.4645753	0.69465435	0.43580285
1199.908	-2.6812832	1.4669728	0.69145018	0.43505514
1199.9189	-2.6756697	1.469365	0.68823868	0.43430686
1199.9301	-2.6700573	1.471725	0.68501943	0.43354136
1199.941	-2.6644454	1.4740995	0.68179458	0.43275991
1199.952	-2.6588337	1.4765047	0.6785689	0.43196702
1199.963	-2.6532223	1.4788396	0.67534786	0.43116143
1199.974	-2.6476114	1.4811592	0.67213577	0.43039116
1199.985	-2.6420014	1.4834815	0.66893476	0.4296793
1199.996	-2.6363931	1.4857924	0.66574353	0.42894512
1200.007	-2.6307871	1.4881053	0.66255677	0.42824885
1200.0181	-2.6251841	1.4904412	0.65936697	0.42755708
1200.0291	-2.6195841	1.4928101	0.65616709	0.4268181
1200.04	-2.6139872	1.4952084	0.65295231	0.42601869
1200.051	-2.6083927	1.4975703	0.64972162	0.42515743
1200.062	-2.6027999	1.4999677	0.64647812	0.42427799
1200.073	-2.5972078	1.5024124	0.64322799	0.42340267
1200.084	-2.591615	1.5048366	0.63997853	0.42257243
1200.095	-2.5860205	1.5072302	0.6367352	0.42175704
1200.106	-2.5804238	1.5095747	0.6335001	0.42098981
1200.1171	-2.5748246	1.5118908	0.63027227	0.42021218
1200.1281	-2.5692225	1.5141945	0.62704802	0.41940981
1200.139	-2.5636187	1.5164901	0.62382168	0.41859436
1200.15	-2.5580139	1.5188174	0.62058955	0.41784447
1200.161	-2.5524099	1.5211393	0.61735129	0.417063
1200.172	-2.5468073	1.5234593	0.61410964	0.41622499
1200.183	-2.5412061	1.5258057	0.6108706	0.41543543
1200.194	-2.5356061	1.5281928	0.60764199	0.41465113
1200.205	-2.5300074	1.5305898	0.60442936	0.4139052
1200.2161	-2.5244091	1.5329618	0.6012339	0.4132387
1200.2271	-2.5188119	1.5353395	0.59805316	0.41253009
1200.238	-2.5132167	1.5376805	0.5948801	0.41179675
1200.249	-2.5076251	1.5399797	0.59170574	0.41106531
1200.26	-2.502037	1.5422668	0.58852303	0.41031486
1200.271	-2.4964528	1.5445505	0.58532846	0.40957788
1200.282	-2.490871	1.5468556	0.58212119	0.40887994
1200.293	-2.4852901	1.5491405	0.57890368	0.40816694
1200.304	-2.479708	1.5514328	0.57567948	0.40737566
1200.3151	-2.4741235	1.5537411	0.572451	0.40657198
1200.326	-2.4685361	1.5560633	0.56921887	0.40575087
1200.337	-2.4629474	1.5584233	0.565983	0.40500176
1200.348	-2.4573591	1.5608422	0.56274295	0.40427646
1200.359	-2.4517734	1.5632564	0.55949885	0.40355128
1200.37	-2.4461923	1.5655965	0.55625147	0.40283853
1200.381	-2.4406164	1.5679128	0.55300272	0.40210465
1200.392	-2.435045	1.5702081	0.54975438	0.40135452
1200.403	-2.4294767	1.5724742	0.54650748	0.40056688
1200.4141	-2.4239092	1.5747412	0.54326224	0.39978978
1200.425	-2.4183407	1.5770472	0.54001921	0.3990145
1200.436	-2.4127698	1.5793711	0.53677899	0.39827392
1200.447	-2.4071965	1.5816832	0.53354269	0.39755338
1200.458	-2.4016216	1.5840021	0.53031284	0.39682561
1200.469	-2.3960454	1.5863153	0.52709174	0.39608142
1200.48	-2.3904691	1.5886284	0.52388084	0.39533675
1200.491	-2.3848927	1.590968	0.52068049	0.39462918
1200.502	-2.3793166	1.5933046	0.51748878	0.39387301
1200.5131	-2.3737411	1.5956537	0.51430136	0.39313707
1200.524	-2.3681674	1.5980502	0.51111275	0.39239618
1200.535	-2.3625958	1.6004354	0.50791818	0.39155975
1200.546	-2.3570275	1.602787	0.5047133	0.3907457
1200.557	-2.3514631	1.6051463	0.5014962	0.3899501
1200.568	-2.345902	1.60747	0.4982686	0.38913599
1200.579	-2.3403425	1.6097559	0.49503407	0.38831651
1200.59	-2.3347821	1.6120344	0.49179694	0.38751629
1200.601	-2.3292186	1.6143239	0.48856169	0.38674378
1200.6121	-2.3236499	1.6165894	0.485331	0.38597858
1200.623	-2.3180749	1.6188716	0.48210499	0.38526314
1200.634	-2.3124933	1.621146	0.4788819	0.38457796
1200.645	-2.306906	1.6234477	0.47565848	0.38387465
1200.656	-2.3013136	1.625761	0.47243169	0.38314945
1200.667	-2.295717	1.6281247	0.46920028	0.38238853
1200.678	-2.2901173	1.6305262	0.46596384	0.38159558
1200.689	-2.2845151	1.6329277	0.46272296	0.38086933
1200.7	-2.2789118	1.6353196	0.45947903	0.38012427
1200.7111	-2.2733085	1.6376768	0.45623145	0.37939385
1200.722	-2.2677054	1.6400198	0.4529762	0.37873122
1200.733	-2.262104	1.6423428	0.44970742	0.37810099
1200.744	-2.2565041	1.6446685	0.44641712	0.37737867
1200.755	-2.2509058	1.6469747	0.44309571	0.3766382
1200.766	-2.2453082	1.6492914	0.43973544	0.3758764
1200.777	-2.2397113	1.6516371	0.43633172	0.37508267
1200.788	-2.2341137	1.6540101	0.43288264	0.37434146
1200.799	-2.2285151	1.6564097	0.42938986	0.37361586
1200.8101	-2.2229149	1.6588244	0.4258571	0.37285519
1200.821	-2.2173133	1.6612625	0.4222877	0.37210605
1200.832	-2.2117102	1.6637063	0.41868407	0.37134063
1200.843	-2.2061062	1.6661218	0.41504702	0.37056801
1200.854	-2.2005014	1.6684968	0.41137481	0.36977959
1200.865	-2.194896	1.6708232	0.40766552	0.36902604
1200.876	-2.1892893	1.6731405	0.40391776	0.36821741
1200.887	-2.183681	1.6754566	0.40013009	0.36740801
1200.8979	-2.1780701	1.6777558	0.3963016	0.36661351
1200.9091	-2.172456	1.6800386	0.3924329	0.36579871
1200.92	-2.1668389	1.6823319	0.38852412	0.36500335
1200.931	-2.1612194	1.6846979	0.38457525	0.36425173
1200.942	-2.1555991	1.6871036	0.38058746	0.36349458
1200.953	-2.1499796	1.689505	0.3765628	0.36271545
1200.964	-2.144362	1.6919079	0.37250307	0.36195382
1200.975	-2.1387472	1.6942598	0.36840966	0.3611736
1200.986	-2.1331344	1.6965892	0.36428341	0.3604317
1200.9969	-2.1275227	1.6989014	0.36012354	0.35968345
1201.0081	-2.121911	1.7012098	0.35592681	0.35891169
1201.019	-2.1162987	1.7035309	0.35168913	0.35816503
1201.03	-2.1106853	1.7058755	0.34740743	0.35740197
1201.041	-2.1050718	1.7082242	0.34307933	0.35657644
1201.052	-2.0994587	1.7105416	0.33870336	0.35579526
1201.063	-2.0938458	1.7128607	0.33428091	0.35503358
1201.074	-2.0882332	1.7151874	0.32981512	0.35425654
1201.085	-2.082619	1.71749	0.32530752	0.35355571
1201.0959	-2.0770018	1.7198064	0.3207593	0.35293621
1201.1071	-2.0713806	1.7221756	0.31617203	0.35224232
1201.118	-2.0657542	1.7245159	0.31154549	0.35145384
1201.129	-2.0601232	1.7268826	0.30687818	0.35066974
1201.14	-2.0544896	1.729256	0.30217025	0.34993225
1201.151	-2.0488546	1.7316167	0.29742309	0.34920684
1201.162	-2.04322	1.7339702	0.29263827	0.34852567
1201.173	-2.0375872	1.7362865	0.28781885	0.34784788
1201.184	-2.0319564	1.738613	0.28296971	0.34711385
1201.1949	-2.0263278	1.740943	0.2780951	0.34635282
1201.2061	-2.0207016	1.743259	0.27319834	0.34557518
1201.217	-2.015079	1.7455925	0.26828083	0.34478888
1201.228	-2.0094607	1.7479267	0.26334128	0.34402442
1201.239	-2.0038476	1.750249	0.25837675	0.34323213
1201.25	-1.9982395	1.7525302	0.25338301	0.34234524
1201.261	-1.9926364	1.7548457	0.24835524	0.34142405
1201.272	-1.9870371	1.7572114	0.24329138	0.34046137
1201.283	-1.9814401	1.7595836	0.23819213	0.33939487
1201.2939	-1.9758447	1.7619538	0.23305939	0.3382692
1201.3051	-1.9702513	1.7643104	0.2278984	0.33715683
1201.316	-1.9646599	1.7666836	0.22271705	0.33592996
1201.327	-1.9590708	1.7689989	0.21752177	0.33465922
1201.338	-1.9534842	1.7712771	0.21231797	0.33335534
1201.349	-1.9478996	1.7735806	0.20711085	0.33193284
1201.36	-1.9423162	1.7758762	0.20190229	0.33043706
1201.371	-1.9367326	1.7781204	0.19669183	0.32895312
1201.382	-1.9311483	1.7803733	0.19148006	0.32735524
1201.3931	-1.9255625	1.7826346	0.18626803	0.32565904
1201.4041	-1.9199748	1.7849317	0.1810571	0.32394996
1201.415	-1.9143857	1.7872702	0.1758503	0.32220826
1201.426	-1.9087963	1.789661	0.17065114	0.32040513
1201.437	-1.903208	1.79207	0.16546202	0.31856531
1201.448	-1.897622	1.7944313	0.16028434	0.3166492
1201.459	-1.8920393	1.796772	0.15511829	0.31463087
1201.47	-1.8864599	1.7991266	0.14996301	0.31254578
1201.481	-1.8808829	1.8014368	0.1448167	0.31038171
1201.4921	-1.8753066	1.8036888	0.13967638	0.3081899
1201.5031	-1.8697299	1.8059769	0.13453835	0.3059853
1201.514	-1.8641517	1.8082772	0.12939817	0.3037475
1201.525	-1.8585719	1.8105781	0.12425049	0.30150875
1201.536	-1.8529917	1.8129283	0.11909063	0.29918951
1201.547	-1.8474126	1.8153071	0.11391595	0.29675668
1201.558	-1.8418356	1.8176837	0.10872585	0.29423335
1201.569	-1.8362614	1.8200561	0.10352232	0.29164866
1201.58	-1.8306893	1.8224488	0.098309949	0.28898343
1201.5911	-1.8251178	1.8248187	0.09309417	0.28622061
1201.6021	-1.819545	1.8271716	0.087879635	0.28347239
1201.613	-1.8139696	1.8295438	0.082669541	0.28069139
1201.624	-1.8083912	1.831885	0.077465385	0.27783445
1201.635	-1.80281	1.834215	0.0722671	0.27485988
1201.646	-1.7972271	1.8365053	0.067073971	0.27177399
1201.657	-1.791644	1.8388025	0.061884921	0.26863983
1201.668	-1.7860615	1.8411192	0.056699254	0.26548019
1201.679	-1.7804807	1.8434528	0.051517069	0.26227096
1201.6901	-1.7749017	1.8457763	0.046338692	0.25897029
1201.701	-1.7693245	1.848123	0.041164257	0.25556666
1201.712	-1.7637485	1.8504912	0.035994623	0.25207174
1201.723	-1.7581729	1.8528693	0.03083034	0.2484969
1201.734	-1.7525969	1.8552016	0.02567034	0.24491534
1201.745	-1.7470196	1.8575252	0.020512428	0.24136099
1201.756	-1.7414405	1.8598338	0.015353499	0.23778805
1201.767	-1.735859	1.8621178	0.0101888	0.23419982
1201.778	-1.7302747	1.8643967	0.0050141471	0.23059712
1201.7891	-1.7246875	1.8666902	-1.7243865E-4	0.22690073
1201.8	-1.7190969	1.8689907	-0.0053709457	0.22314402
1201.811	-1.7135034	1.8712949	-0.010578217	0.21939458
1201.822	-1.7079072	1.8736123	-0.015787633	0.21555266
1201.833	-1.7023084	1.8759341	-0.02099183	0.21168254
1201.844	-1.6967071	1.8782398	-0.026183793	0.207866
1201.855	-1.691103	1.8805363	-0.031357702	0.20405555
1201.866	-1.6854957	1.8828704	-0.036511611	0.20022614
1201.877	-1.6798847	1.885203	-0.041647226	0.1964106
1201.8881	-1.6742693	1.8875446	-0.04676817	0.1925783
1201.899	-1.6686493	1.8898902	-0.05188008	0.18877792
1201.91	-1.663025	1.8922073	-0.056988541	0.18501121
1201.921	-1.6573968	1.8945251	-0.062096428	0.18119209
1201.932	-1.6517651	1.8968241	-0.067205429	0.17732911
1201.943	-1.6461315	1.8991519	-0.07231681	0.17352077
1201.954	-1.6404974	1.9015294	-0.077430271	0.16972606
1201.965	-1.6348639	1.903856	-0.082545884	0.16588068
1201.976	-1.6292317	1.9061426	-0.087665699	0.16208141
1201.9871	-1.6236013	1.9084268	-0.092791602	0.1583619
1201.998	-1.6179723	1.9107249	-0.097924955	0.15460518
1202.009	-1.6123438	1.9130172	-0.10306823	0.150903
1202.02	-1.6067156	1.915354	-0.10822386	0.14721745
1202.031	-1.6010876	1.9177369	-0.11339278	0.14349809
1202.042	-1.5954599	1.9201277	-0.11857516	0.13973899
1202.053	-1.589833	1.9224969	-0.12377006	0.13595723
1202.064	-1.5842072	1.9248527	-0.12897342	0.13216355
1202.075	-1.5785824	1.9272044	-0.13417825	0.12828597
1202.0861	-1.572958	1.9295346	-0.13937701	0.12437783
1202.097	-1.567333	1.9318179	-0.14456326	0.12051298
1202.108	-1.5617068	1.9341085	-0.14973232	0.11666999
1202.119	-1.5560787	1.9363977	-0.15488319	0.11283537
1202.13	-1.5504487	1.9386375	-0.16001926	0.10901731
1202.141	-1.5448173	1.9408989	-0.16514608	0.10522066
1202.152	-1.5391862	1.9432048	-0.17026849	0.10141233
1202.163	-1.5335562	1.9455014	-0.1753905	0.09751413
1202.174	-1.527928	1.9478028	-0.18051443	0.093660079
1202.1851	-1.5223019	1.9501327	-0.18563987	0.089827031
1202.196	-1.5166773	1.9524918	-0.19076502	0.085975282
1202.207	-1.511053	1.954847	-0.19588885	0.0821568
1202.218	-1.5054284	1.9571716	-0.20101082	0.078380749
1202.229	-1.4998033	1.9594998	-0.20613126	0.074644342
1202.24	-1.4941776	1.9618113	-0.21125261	0.070959717
1202.251	-1.4885521	1.9641054	-0.21637908	0.067312092
1202.262	-1.4829274	1.9663856	-0.22151515	0.063655935
1202.2729	-1.4773046	1.968667	-0.22666542	0.059960406
1202.2841	-1.4716841	1.970986	-0.23183337	0.056263667
1202.295	-1.4660659	1.9733239	-0.23701911	0.052514341
1202.306	-1.4604499	1.9756792	-0.24221857	0.048678964
1202.317	-1.4548357	1.9780757	-0.24742426	0.044804454
1202.328	-1.4492224	1.9804382	-0.25262666	0.040914677
1202.339	-1.4436094	1.9827937	-0.2578167	0.037050735
1202.35	-1.4379957	1.9851655	-0.26298836	0.033244248
1202.361	-1.4323813	1.9875484	-0.26814041	0.029452493
1202.3719	-1.4267658	1.9898911	-0.27327722	0.025668629
1202.3831	-1.4211496	1.9921985	-0.27840677	0.02192531
1202.394	-1.4155331	1.9944946	-0.28353769	0.018114224
1202.405	-1.4099168	1.996794	-0.28867802	0.014283788
1202.416	-1.4043012	1.9990851	-0.29383293	0.010488654
1202.427	-1.3986869	2.0013974	-0.29900226	0.006710364
1202.438	-1.3930749	2.0037146	-0.30418247	0.0028977196
1202.449	-1.3874656	2.0060127	-0.3093684	-9.2908548E-4
1202.46	-1.3818595	2.0083389	-0.31455386	-0.0047453814
1202.4709	-1.3762573	2.0106947	-0.31973404	-0.0085698739
1202.4821	-1.370659	2.0130701	-0.32490829	-0.012343126
1202.493	-1.3650646	2.0154095	-0.33007801	-0.016028376
1202.504	-1.3594737	2.0176919	-0.33524534	-0.01975557
1202.515	-1.3538854	2.0199471	-0.34041321	-0.023490345
1202.526	-1.3482994	2.0222397	-0.34558278	-0.027187789
1202.537	-1.3427147	2.0245457	-0.35075206	-0.030971723
1202.548	-1.3371307	2.0268433	-0.35591802	-0.034800656
1202.559	-1.3315473	2.0291555	-0.36107743	-0.038608138
1202.5699	-1.3259643	2.0314541	-0.3662273	-0.042453684
1202.5811	-1.3203818	2.0337381	-0.37136647	-0.046271123
1202.592	-1.3147994	2.0360117	-0.37649605	-0.050047841
1202.603	-1.3092176	2.0382807	-0.38161916	-0.0538808
1202.614	-1.303636	2.0405471	-0.38674101	-0.057695374
1202.625	-1.2980547	2.0428679	-0.39186731	-0.061493326
1202.636	-1.2924734	2.0451975	-0.39700308	-0.065322086
1202.647	-1.2868919	2.0475307	-0.40215144	-0.069152117
1202.658	-1.2813094	2.0498586	-0.40731177	-0.072986998
1202.6689	-1.2757249	2.0521784	-0.41248009	-0.07686317
1202.6801	-1.270138	2.0544953	-0.41765067	-0.080714986
1202.691	-1.2645482	2.0568171	-0.42281774	-0.084518924
1202.702	-1.2589555	2.0591185	-0.4279775	-0.088315509
1202.713	-1.2533609	2.0614176	-0.4331302	-0.092062213
1202.724	-1.2477652	2.0637	-0.43827873	-0.09581238
1202.735	-1.2421693	2.0659747	-0.44342756	-0.099601291
1202.746	-1.2365741	2.0682654	-0.4485811	-0.10333648
1202.757	-1.2309803	2.0705662	-0.45374167	-0.10704537
1202.7681	-1.2253879	2.0728939	-0.45890832	-0.1108067
1202.7791	-1.2197968	2.075232	-0.46407792	-0.11462561
1202.79	-1.2142065	2.077599	-0.46924576	-0.11848927
1202.801	-1.208616	2.0799904	-0.47440669	-0.12238238
1202.812	-1.2030249	2.0823483	-0.47955689	-0.12623681
1202.823	-1.1974324	2.0847087	-0.48469427	-0.13005254
1202.834	-1.1918385	2.0870359	-0.48981899	-0.13388664
1202.845	-1.1862435	2.0893242	-0.49493411	-0.13771085
1202.856	-1.1806483	2.0916274	-0.50004482	-0.14152507
1202.8671	-1.1750532	2.0938833	-0.50515729	-0.14534019
1202.8781	-1.1694586	2.0961337	-0.51027834	-0.14918053
1202.889	-1.1638646	2.0984049	-0.51541358	-0.15300749
1202.9	-1.1582707	2.1006908	-0.52056539	-0.15684591
1202.911	-1.1526763	2.1029756	-0.52573264	-0.1607264
1202.922	-1.1470808	2.1052701	-0.53091145	-0.16458508
1202.933	-1.1414838	2.1075742	-0.53609574	-0.16843994
1202.944	-1.1358855	2.1099362	-0.54127967	-0.17229639
1202.955	-1.130286	2.1123159	-0.54645932	-0.17610542
1202.9661	-1.1246859	2.1146767	-0.55163312	-0.17993644
1202.9771	-1.1190854	2.1169934	-0.55680197	-0.18373406
1202.988	-1.1134852	2.1193125	-0.56196833	-0.18750706
1202.999	-1.1078852	2.121623	-0.56713438	-0.19125514
1203.01	-1.1022855	2.1239178	-0.57230139	-0.19499388
1203.021	-1.0966856	2.1262193	-0.57746929	-0.19875218
1203.032	-1.0910853	2.12852	-0.58263624	-0.20250833
1203.043	-1.0854839	2.1308339	-0.58779889	-0.20632054
1203.054	-1.0798806	2.1331608	-0.59295475	-0.21017668
1203.0651	-1.074275	2.135514	-0.59810203	-0.21399042
1203.076	-1.0686666	2.1378903	-0.60324055	-0.21782222
1203.087	-1.0630549	2.1402497	-0.60837352	-0.22165512
1203.098	-1.0574403	2.14259	-0.61350632	-0.22540653
1203.109	-1.0518229	2.144943	-0.6186443	-0.22922593
1203.12	-1.0462033	2.1472888	-0.62379229	-0.23306064
1203.131	-1.0405816	2.1496296	-0.62895334	-0.23686172
1203.142	-1.0349581	2.1519408	-0.63412589	-0.24070388
1203.153	-1.0293334	2.1542692	-0.63930523	-0.24457359
1203.1641	-1.0237073	2.15659	-0.64448434	-0.24842481
1203.175	-1.0180799	2.1588979	-0.6496554	-0.25224918
1203.186	-1.0124514	2.1611786	-0.65481174	-0.25606868
1203.197	-1.0068222	2.1634872	-0.65994996	-0.25984025
1203.208	-1.0011932	2.1657741	-0.6650703	-0.26360646
1203.219	-0.99556583	2.168108	-0.67017764	-0.26733854
1203.23	-0.9899419	2.1704671	-0.67527837	-0.27100641
1203.241	-0.98432297	2.1728404	-0.68037879	-0.2747094
1203.252	-0.97870988	2.1751885	-0.68548369	-0.27843603
1203.2631	-0.97310263	2.1775401	-0.69059378	-0.28215465
1203.274	-0.96749973	2.1799057	-0.69570494	-0.285943
1203.285	-0.96189928	2.1822865	-0.70081115	-0.2897346
1203.296	-0.9562996	2.1846502	-0.7059058	-0.29349294
1203.307	-0.95069885	2.1869936	-0.71098256	-0.29730818
1203.318	-0.94509596	2.1892841	-0.71603853	-0.30116069
1203.329	-0.93949091	2.1915321	-0.72107428	-0.30493662
1203.34	-0.93388391	2.19381	-0.7260918	-0.3087171
1203.351	-0.92827517	2.1960766	-0.73109335	-0.3125203
1203.3621	-0.92266548	2.1983404	-0.73608142	-0.31635097
1203.373	-0.91705537	2.2006149	-0.74105686	-0.32015613
1203.384	-0.91144544	2.2029278	-0.74601793	-0.32395968
1203.395	-0.90583599	2.2052937	-0.75096112	-0.32776982
1203.406	-0.90022713	2.2076349	-0.7558825	-0.33161819
1203.417	-0.89461905	2.2099597	-0.76077729	-0.33544317
1203.428	-0.88901168	2.2123015	-0.76564097	-0.33925501
1203.439	-0.88340509	2.2146277	-0.77047068	-0.34305373
1203.45	-0.87779933	2.2169063	-0.77526677	-0.34684852
1203.4611	-0.87219477	2.2191694	-0.7800318	-0.35057226
1203.472	-0.86659193	2.2214518	-0.78476971	-0.35430092
1203.483	-0.860991	2.223747	-0.78948593	-0.35801464
1203.494	-0.85539204	2.2260196	-0.79418558	-0.36170879
1203.505	-0.84979481	2.2283075	-0.79887015	-0.36541808
1203.516	-0.84419817	2.2306042	-0.80353886	-0.36921158
1203.527	-0.8386004	2.2329001	-0.80818963	-0.37297651
1203.538	-0.833	2.2352369	-0.81281972	-0.3767778
1203.549	-0.82739568	2.2376127	-0.81742704	-0.38059053
1203.5601	-0.82178694	2.2400138	-0.82201278	-0.38441634
1203.571	-0.81617409	2.2423859	-0.82658076	-0.38819116
1203.582	-0.81055844	2.2447264	-0.83113581	-0.39195618
1203.593	-0.80494148	2.2470582	-0.83568317	-0.39579201
1203.604	-0.79932421	2.2493403	-0.84022707	-0.399589
1203.615	-0.79370749	2.2516086	-0.84476954	-0.40341282
1203.626	-0.78809166	2.2538962	-0.8493101	-0.40727493
1203.637	-0.78247696	2.2562015	-0.85384583	-0.41117924
1203.6479	-0.7768634	2.2585011	-0.85837126	-0.41514799
1203.6591	-0.7712512	2.2608027	-0.86287928	-0.41918224
1203.67	-0.76564103	2.2631369	-0.8673622	-0.42323637
1203.681	-0.76003313	2.2654552	-0.87181246	-0.42734221
1203.692	-0.75442702	2.2677815	-0.87622494	-0.43148372
1203.703	-0.74882209	2.270134	-0.88059926	-0.43561199
1203.714	-0.74321771	2.2724757	-0.88493872	-0.43971863
1203.725	-0.7376132	2.274837	-0.88925016	-0.44388178
1203.736	-0.73200834	2.2771652	-0.8935436	-0.44808081
1203.7469	-0.72640389	2.2795317	-0.89782757	-0.45230791
1203.7581	-0.72080076	2.2818909	-0.9021073	-0.45671198
1203.769	-0.71519971	2.28421	-0.90638417	-0.46117908
1203.78	-0.70960093	2.2865305	-0.91065478	-0.46567628
1203.791	-0.70400381	2.2888536	-0.9149121	-0.47028938
1203.802	-0.69840717	2.2911453	-0.91914946	-0.47488844
1203.813	-0.6928097	2.2934389	-0.92336249	-0.47946551
1203.824	-0.68721038	2.2957537	-0.92754954	-0.48411763
1203.835	-0.68160892	2.2980609	-0.9317134	-0.48883802
1203.8459	-0.67600548	2.3003302	-0.9358595	-0.49358827
1203.8571	-0.6704008	2.3026366	-0.93999416	-0.49836671
1203.868	-0.66479552	2.3049874	-0.94412297	-0.50316221
1203.879	-0.65919042	2.3074086	-0.9482494	-0.50801653
1203.89	-0.65358567	2.3098013	-0.9523747	-0.51291579
1203.901	-0.64798146	2.3121419	-0.95649827	-0.51784456
1203.912	-0.64237779	2.3144958	-0.96061742	-0.5228337
1203.923	-0.63677454	2.3168263	-0.96472883	-0.52791524
1203.934	-0.63117188	2.3191564	-0.96883059	-0.5330323
1203.9449	-0.62557018	2.3214586	-0.97292197	-0.53817177
1203.9561	-0.61996979	2.3237672	-0.97700429	-0.54336381
1203.967	-0.61437106	2.3260777	-0.98108119	-0.54855043
1203.978	-0.60877454	2.3284073	-0.98515815	-0.55378264
1203.989	-0.60318053	2.3307612	-0.98923981	-0.55907625
1204	-0.59758908	2.3331265	-0.99332964	-0.56443828
1204.011	-0.59200031	2.3355203	-0.99742877	-0.56984842
1204.022	-0.58641422	2.3379345	-1.0015365	-0.57534748
1204.033	-0.58083004	2.3403487	-1.0056496	-0.58091831
1204.0439	-0.57524723	2.3427596	-1.0097644	-0.58659381
1204.0551	-0.56966496	2.3451035	-1.0138789	-0.59227425
1204.066	-0.56408274	2.3474252	-1.0179926	-0.59795147
1204.077	-0.55850029	2.3497381	-1.0221065	-0.60364902
1204.088	-0.55291772	2.3520424	-1.0262234	-0.60939246
1204.099	-0.54733539	2.3543141	-1.0303473	-0.61515397
1204.11	-0.54175371	2.35659	-1.0344808	-0.62098026
1204.121	-0.53617269	2.358855	-1.0386236	-0.62690353
1204.132	-0.53059226	2.3611481	-1.0427738	-0.63287735
1204.1431	-0.52501267	2.3635082	-1.0469278	-0.63886863
1204.1541	-0.51943445	2.3659155	-1.0510794	-0.64485878
1204.165	-0.5138579	2.3683271	-1.0552225	-0.65090775
1204.176	-0.50828314	2.3706825	-1.0593528	-0.65696895
1204.187	-0.5027101	2.3729997	-1.0634669	-0.66303843
1204.198	-0.49713799	2.375298	-1.0675641	-0.66912735
1204.209	-0.49156538	2.3775806	-1.0716472	-0.67519051
1204.22	-0.48599103	2.3798625	-1.0757214	-0.68116945
1204.231	-0.48041424	2.3821533	-1.0797932	-0.68716401
1204.2421	-0.47483477	2.3844547	-1.0838706	-0.69316733
1204.2531	-0.46925333	2.386745	-1.0879599	-0.69912714
1204.264	-0.46367091	2.3890784	-1.0920631	-0.70518339
1204.275	-0.45808858	2.3914251	-1.0961789	-0.71134269
1204.286	-0.45250723	2.3937664	-1.1003028	-0.71746963
1204.297	-0.4469268	2.3961496	-1.1044269	-0.72362089
1204.308	-0.44134659	2.3984921	-1.1085439	-0.72979045
1204.319	-0.43576553	2.4008529	-1.1126498	-0.73583448
1204.33	-0.43018255	2.4032013	-1.1167439	-0.74190938
1204.3411	-0.42459667	2.4055305	-1.1208293	-0.74797285
1204.3521	-0.41900775	2.4078634	-1.124912	-0.75403804
1204.363	-0.41341612	2.4101655	-1.1289974	-0.7601527
1204.374	-0.40782267	2.4124472	-1.1330898	-0.76628286
1204.385	-0.40222844	2.414746	-1.1371906	-0.77237427
1204.396	-0.39663431	2.4170713	-1.1412984	-0.77851051
1204.407	-0.39104095	2.4193888	-1.1454103	-0.78465146
1204.418	-0.38544872	2.4216948	-1.149523	-0.79075217
1204.429	-0.37985763	2.4239976	-1.1536319	-0.79690099
1204.4401	-0.37426734	2.4262869	-1.1577344	-0.80306435
1204.451	-0.36867774	2.4285908	-1.1618296	-0.80917078
1204.462	-0.36308855	2.4309392	-1.1659178	-0.81526917
1204.473	-0.35749936	2.4332976	-1.1700011	-0.82136106
1204.484	-0.35190988	2.4356658	-1.1740845	-0.82743406
1204.495	-0.34631974	2.4380229	-1.1781722	-0.83347017
1204.506	-0.34072813	2.4403853	-1.1822672	-0.83954424
1204.517	-0.33513442	2.4427052	-1.186371	-0.84561956
1204.528	-0.32953799	2.4450464	-1.1904825	-0.85170984
1204.5391	-0.32393828	2.4473825	-1.1945988	-0.85776019
1204.55	-0.31833488	2.4497349	-1.1987162	-0.8638519
1204.561	-0.31272781	2.4520748	-1.2028319	-0.86994362
1204.572	-0.30711725	2.4543736	-1.2069441	-0.87606239
1204.583	-0.3015036	2.4566581	-1.2110529	-0.88214177
1204.594	-0.29588768	2.4589517	-1.2151601	-0.88826174
1204.605	-0.29027057	2.4612553	-1.2192683	-0.89436138
1204.616	-0.28465304	2.4636178	-1.2233802	-0.90050405
1204.627	-0.27903596	2.4659853	-1.2274978	-0.90664119
1204.6381	-0.27342001	2.468358	-1.2316219	-0.91277373
1204.649	-0.2678054	2.4707413	-1.2357516	-0.91892749
1204.66	-0.26219216	2.4730928	-1.2398844	-0.92506844
1204.671	-0.25658017	2.475462	-1.2440161	-0.93121296
1204.682	-0.25096941	2.4778142	-1.248143	-0.93736488
1204.693	-0.24535951	2.480125	-1.2522626	-0.94346106
1204.704	-0.23975024	2.4824116	-1.2563736	-0.94954038
1204.715	-0.2341416	2.4846931	-1.2604779	-0.95570135
1204.726	-0.22853415	2.4870083	-1.2645801	-0.96177524
1204.7371	-0.22292858	2.4893553	-1.2686856	-0.96784115
1204.748	-0.21732585	2.4917357	-1.2727995	-0.97396392
1204.759	-0.2117271	2.4941106	-1.2769263	-0.98007083
1204.77	-0.2061329	2.4964988	-1.2810664	-0.98622233
1204.781	-0.20054273	2.4989059	-1.2852168	-0.99240935
1204.792	-0.19495557	2.501312	-1.2893711	-0.99859416
1204.803	-0.18937004	2.5037084	-1.2935218	-1.004797
1204.814	-0.18378429	2.5060732	-1.2976617	-1.01098
1204.825	-0.17819713	2.5084045	-1.3017881	-1.0170676
1204.8361	-0.17260818	2.5107417	-1.3059013	-1.023121
1204.847	-0.16701752	2.5130353	-1.3100058	-1.0292346
1204.858	-0.16142593	2.515291	-1.3141091	-1.0352883
1204.869	-0.15583509	2.5176039	-1.3182172	-1.0413336
1204.88	-0.15024675	2.5199332	-1.3223329	-1.0474304
1204.891	-0.14466278	2.5222571	-1.3264564	-1.0535176
1204.902	-0.13908538	2.5246348	-1.3305842	-1.0595876
1204.913	-0.13351642	2.5270529	-1.3347096	-1.0657392
1204.924	-0.12795709	2.5294571	-1.3388282	-1.0718629
1204.9351	-0.12240832	2.5318296	-1.342937	-1.0779402
1204.946	-0.11687059	2.5341802	-1.3470356	-1.0840185
1204.957	-0.11134373	2.5365191	-1.351127	-1.0900964
1204.968	-0.1058274	2.53883	-1.3552163	-1.0961875
1204.979	-0.10032126	2.5411348	-1.3593092	-1.1022819
1204.99	-0.094824843	2.5434391	-1.3634108	-1.1083547
1205.001	-0.089337394	2.5457408	-1.3675247	-1.1144813
1205.012	-0.08385808	2.5480475	-1.3716532	-1.1205813
1205.0229	-0.078386053	2.5503604	-1.3757956	-1.1266736
1205.0341	-0.072920211	2.5527017	-1.379949	-1.1328393
1205.045	-0.067459166	2.5550196	-1.3841088	-1.1390178
1205.056	-0.062001746	2.5573471	-1.3882705	-1.1451575
1205.067	-0.056547094	2.5597124	-1.3924292	-1.151283
1205.078	-0.051094159	2.562108	-1.3965826	-1.1574227
1205.089	-0.045641892	2.5644505	-1.4007305	-1.1635369
1205.1	-0.040189642	2.5667753	-1.4048749	-1.1696345
1205.111	-0.03473673	2.5690856	-1.4090179	-1.1757474
1205.1219	-0.029282203	2.5713799	-1.4131619	-1.1818929
1205.1331	-0.023825437	2.5736921	-1.417308	-1.187977
1205.144	-0.018366208	2.5760224	-1.4214559	-1.1940589
1205.155	-0.012904318	2.5783675	-1.4256034	-1.200104
1205.166	-0.0074398434	2.5806901	-1.4297489	-1.206123
1205.177	-0.0019731417	2.582993	-1.4338902	-1.2121092
1205.188	0.0034954585	2.5853159	-1.4380251	-1.2181576
1205.199	0.0089656841	2.5876212	-1.4421524	-1.2242196
1205.21	0.014437254	2.5899553	-1.446272	-1.2302533
1205.2209	0.019910252	2.5923176	-1.4503849	-1.2362585
1205.2321	0.025385162	2.5946834	-1.454493	-1.242256
1205.243	0.030862775	2.5970395	-1.4585998	-1.2482682
1205.254	0.036344294	2.5993726	-1.4627085	-1.2542838
1205.265	0.041831266	2.6017416	-1.4668217	-1.2603172
1205.276	0.047325231	2.6040907	-1.4709395	-1.2663715
1205.287	0.052827548	2.6064374	-1.4750605	-1.2725114
1205.298	0.058339294	2.6087823	-1.4791812	-1.2786353
1205.309	0.063861176	2.6111236	-1.4832971	-1.2847395
1205.3199	0.069393411	2.6134737	-1.4874051	-1.2908417
1205.3311	0.074935451	2.6157877	-1.4915053	-1.2969319
1205.342	0.080486134	2.6180842	-1.4956002	-1.3029684
1205.353	0.086043909	2.6204181	-1.4996951	-1.3090469
1205.364	0.091606632	2.6227262	-1.5037963	-1.315123
1205.375	0.097172096	2.6250958	-1.5079092	-1.3211761
1205.386	0.10273896	2.6274626	-1.5120344	-1.3273178
1205.397	0.10830662	2.6298282	-1.5161709	-1.333485
1205.408	0.1138752	2.6322224	-1.5203147	-1.3395875
1205.4189	0.11944634	2.6346073	-1.5244601	-1.3457009
1205.4301	0.1250225	2.6369374	-1.5286028	-1.3518416
1205.441	0.13060619	2.6392629	-1.5327412	-1.3579189
1205.452	0.13619994	2.6415458	-1.5368751	-1.3640475
1205.463	0.14180599	2.6438267	-1.5410067	-1.3701423
1205.474	0.14742541	2.646132	-1.5451393	-1.3762285
1205.485	0.15305878	2.648468	-1.5492754	-1.3823479
1205.496	0.1587064	2.6508081	-1.5534165	-1.3884312
1205.507	0.164368	2.6531634	-1.5575634	-1.3945036
1205.5181	0.1700431	2.6555569	-1.5617154	-1.4005517
1205.5291	0.17573144	2.6579759	-1.56587	-1.4065965
1205.54	0.18143226	2.6603961	-1.5700251	-1.4126844
1205.551	0.18714404	2.6628566	-1.5741776	-1.4187683
1205.562	0.19286536	2.6652966	-1.5783241	-1.4248792
1205.573	0.19859506	2.6676788	-1.5824621	-1.4309993
1205.584	0.20433149	2.6700172	-1.5865909	-1.4370911
1205.595	0.2100732	2.6723354	-1.5907115	-1.4431335
1205.606	0.21581957	2.6746562	-1.5948261	-1.4492049
1205.6171	0.22156994	2.6769476	-1.5989385	-1.4553132
1205.6281	0.22732346	2.6792457	-1.6030519	-1.4613913
1205.639	0.23307945	2.6815612	-1.6071676	-1.467497
1205.65	0.23883742	2.6838777	-1.6112858	-1.4736121
1205.661	0.24459618	2.6862504	-1.6154056	-1.4797102
1205.672	0.25035438	2.6886744	-1.6195257	-1.485795
1205.683	0.25611073	2.6910846	-1.6236453	-1.4918846
1205.694	0.26186401	2.6934366	-1.6277651	-1.4979451
1205.705	0.26761329	2.6957569	-1.6318853	-1.5040115
1205.7161	0.27335823	2.6980684	-1.6360075	-1.5101153
1205.7271	0.27909875	2.7003455	-1.6401328	-1.5161633
1205.738	0.28483486	2.702661	-1.6442622	-1.522228
1205.749	0.29056656	2.7050009	-1.6483971	-1.5283096
1205.76	0.29629388	2.7073228	-1.6525388	-1.534421
1205.771	0.30201706	2.7096241	-1.6566877	-1.5405453
1205.782	0.30773628	2.7119033	-1.6608434	-1.5466698
1205.793	0.31345168	2.7142389	-1.6650032	-1.5528014
1205.804	0.3191638	2.7165961	-1.6691624	-1.5589861
1205.8151	0.32487279	2.7189369	-1.6733162	-1.5651549
1205.826	0.330578	2.721313	-1.6774609	-1.5712587
1205.837	0.33627889	2.7237029	-1.6815948	-1.5773429
1205.848	0.34197503	2.7260358	-1.6857193	-1.5833745
1205.859	0.34766573	2.7283454	-1.6898386	-1.5893977
1205.87	0.35335025	2.7306614	-1.6939584	-1.5954274
1205.881	0.35902864	2.7329657	-1.6980824	-1.6014472
1205.892	0.36470115	2.7352595	-1.7022129	-1.6074665
1205.903	0.37036744	2.7375615	-1.7063495	-1.6135019
1205.9141	0.37602758	2.7398946	-1.7104888	-1.6195807
1205.925	0.38168213	2.7422109	-1.7146251	-1.6257122
1205.936	0.38733143	2.7444894	-1.7187543	-1.6318117
1205.947	0.39297548	2.746815	-1.7228738	-1.6378719
1205.958	0.39861479	2.7491424	-1.7269826	-1.6439381
1205.969	0.40424958	2.7514484	-1.7310841	-1.6500173
1205.98	0.40987936	2.7537766	-1.7351837	-1.6560479
1205.991	0.41550332	2.7561562	-1.7392873	-1.6621115
1206.002	0.42112112	2.7585523	-1.7433994	-1.6682129
1206.0131	0.42673245	2.7609196	-1.7475232	-1.674319
1206.024	0.43233722	2.7632751	-1.7516578	-1.6805609
1206.035	0.43793598	2.7656248	-1.7557999	-1.6869079
1206.046	0.44352946	2.7679513	-1.759945	-1.6932663
1206.057	0.44911823	2.7702792	-1.764088	-1.69978
1206.068	0.45470253	2.7726116	-1.7682253	-1.7064264
1206.079	0.46028265	2.7749102	-1.7723557	-1.7131559
1206.09	0.46585879	2.7771647	-1.7764804	-1.7199436
1206.101	0.47143134	2.7794263	-1.7806021	-1.7268356
1206.1121	0.47700119	2.7816961	-1.784724	-1.7338887
1206.123	0.48256931	2.7839718	-1.7888484	-1.7409977
1206.134	0.48813644	2.7863026	-1.7929761	-1.7481905
1206.145	0.4937036	2.7886879	-1.7971053	-1.7555053
1206.156	0.4992713	2.7910697	-1.801234	-1.7629439
1206.167	0.50483924	2.7934477	-1.8053614	-1.7703807
1206.178	0.51040679	2.7958176	-1.8094889	-1.7779021
1206.189	0.51597321	2.7981596	-1.8136193	-1.7856307
1206.2	0.52153707	2.8005011	-1.8177576	-1.7934771
1206.2111	0.52709723	2.8028216	-1.821908	-1.8013775
1206.222	0.53265375	2.8051291	-1.8260717	-1.8094033
1206.233	0.53820705	2.8074229	-1.8302461	-1.8175865
1206.244	0.54375833	2.8097234	-1.834426	-1.8258194
1206.255	0.54930943	2.8120646	-1.8386059	-1.834154
1206.266	0.5548619	2.8144226	-1.8427807	-1.8426049
1206.277	0.56041664	2.8168497	-1.8469483	-1.8511782
1206.288	0.56597435	2.8192582	-1.8511089	-1.8599024
1206.299	0.57153511	2.8216386	-1.855265	-1.8686886
1206.3101	0.57709855	2.8240345	-1.8594185	-1.8775795
1206.321	0.58266443	2.8264282	-1.8635701	-1.8865484
1206.332	0.58823276	2.8287961	-1.8677198	-1.8956362
1206.343	0.59380329	2.8311639	-1.8718668	-1.904901
1206.354	0.59937602	2.8334994	-1.8760105	-1.9142656
1206.365	0.6049512	2.83582	-1.8801509	-1.9236747
1206.376	0.61052918	2.8381171	-1.8842891	-1.9331784
1206.387	0.61611044	2.8404169	-1.8884265	-1.9428415
1206.3979	0.62169498	2.8427351	-1.892565	-1.9526054
1206.4091	0.62728238	2.8451002	-1.896706	-1.9623863
1206.42	0.63287222	2.8475058	-1.9008498	-1.9723347
1206.431	0.63846362	2.8499169	-1.9049966	-1.9824903
1206.442	0.64405531	2.8523412	-1.9091461	-1.9927239
1206.453	0.64964652	2.854758	-1.9132972	-2.0030644
1206.464	0.65523738	2.8571656	-1.9174483	-2.0135417
1206.475	0.6608277	2.8595557	-1.9215991	-2.0241177
1206.486	0.66641748	2.8619471	-1.9257494	-2.0347388
1206.4969	0.67200691	2.8643296	-1.9299001	-2.0454643
1206.5081	0.67759627	2.8666692	-1.9340525	-2.0562742
1206.519	0.6831854	2.8690004	-1.9382087	-2.0671654
1206.53	0.68877441	2.871299	-1.9423692	-2.0781817
1206.541	0.69436407	2.8735948	-1.9465339	-2.0893843
1206.552	0.6999554	2.8759069	-1.9507008	-2.1007166
1206.563	0.70554954	2.8781981	-1.9548666	-2.1121433
1206.574	0.71114737	2.8805265	-1.9590285	-2.1235261
1206.585	0.71675003	2.8828876	-1.9631835	-2.1348982
1206.5959	0.72235811	2.885247	-1.9673297	-2.1463461
1206.6071	0.72797149	2.8876028	-1.9714668	-2.1577706
1206.618	0.73359013	2.8899457	-1.975595	-2.1691582
1206.629	0.73921353	2.8922882	-1.9797151	-2.1805744
1206.64	0.74484098	2.8946476	-1.9838278	-2.1920011
1206.651	0.75047177	2.8969653	-1.9879347	-2.2034116
1206.662	0.75610518	2.8992636	-1.9920369	-2.2148027
1206.673	0.76174045	2.9015837	-1.9961371	-2.2262197
1206.684	0.76737666	2.9039042	-2.0002387	-2.2375901
1206.6949	0.77301276	2.9062171	-2.0043449	-2.248956
1206.7061	0.77864766	2.908531	-2.0084584	-2.2604032
1206.717	0.78428036	2.9108641	-2.0125797	-2.2719324
1206.728	0.78991038	2.9131978	-2.0167055	-2.2834556
1206.739	0.79553765	2.9155767	-2.0208321	-2.2949665
1206.75	0.80116266	2.9179826	-2.0249543	-2.3064659
1206.761	0.8067866	2.9203851	-2.0290701	-2.3179913
1206.772	0.81241041	2.9227347	-2.0331805	-2.3294387
1206.783	0.81803471	2.9250655	-2.0372899	-2.3408868
1206.7939	0.8236599	2.9273822	-2.0414047	-2.3523738
1206.8051	0.8292858	2.9296913	-2.0455313	-2.3639152
1206.816	0.834912	2.9319956	-2.0496716	-2.3754253
1206.827	0.8405382	2.934303	-2.0538249	-2.3869922
1206.838	0.8461647	2.9365895	-2.0579853	-2.3985639
1206.849	0.85179174	2.9388781	-2.0621459	-2.4100876
1206.86	0.85742009	2.9411647	-2.0662994	-2.4215994
1206.871	0.8630504	2.9434772	-2.0704401	-2.4331484
1206.882	0.86868256	2.9457779	-2.0745673	-2.4446604
1206.8931	0.87431604	2.9480972	-2.0786829	-2.4560537
1206.9041	0.87994963	2.9504135	-2.0827916	-2.4674761
1206.915	0.88558197	2.9527125	-2.086899	-2.478931
1206.926	0.89121133	2.9550016	-2.0910106	-2.490422
1206.937	0.89683664	2.9573004	-2.0951281	-2.501894
1206.948	0.90245664	2.9596286	-2.0992515	-2.5133977
1206.959	0.9080711	2.9619551	-2.1033781	-2.5249157
1206.97	0.91367984	2.9642093	-2.1075048	-2.536371
1206.981	0.91928315	2.9664514	-2.1116283	-2.5477798
1206.9921	0.92488158	2.9686627	-2.1157467	-2.5592403
1207.0031	0.93047643	2.9708381	-2.1198609	-2.5707593
1207.014	0.93606871	2.9729934	-2.1239738	-2.5821412
1207.025	0.94165957	2.9751856	-2.1280887	-2.5935204
1207.036	0.94725043	2.9774003	-2.1322088	-2.6049109
1207.047	0.95284271	2.9795804	-2.1363368	-2.6163204
1207.058	0.95843732	2.9817448	-2.1404724	-2.6277416
1207.069	0.96403497	2.983937	-2.1446137	-2.6392453
1207.08	0.96963608	2.986161	-2.1487589	-2.650754
1207.0911	0.97524047	2.9883766	-2.1529069	-2.6621678
1207.1021	0.98084718	2.9905851	-2.1570592	-2.6735618
1207.113	0.98645532	2.9927869	-2.1612215	-2.6850083
1207.124	0.99206376	2.9949832	-2.1654027	-2.6964159
1207.135	0.99767131	2.9971318	-2.1696143	-2.707819
1207.146	1.0032767	2.9992788	-2.1738682	-2.719223
1207.157	1.0088788	3.0014346	-2.178175	-2.7306981
1207.168	1.014477	3.0035594	-2.1825423	-2.7421267
1207.179	1.0200708	3.0057302	-2.1869726	-2.7535558
1207.1901	1.0256602	3.0078826	-2.1914635	-2.7651272
1207.201	1.0312456	3.0100834	-2.1960094	-2.7766652
1207.212	1.0368273	3.0123031	-2.200603	-2.7881496
1207.223	1.0424058	3.0145116	-2.2052374	-2.7996337
1207.234	1.0479814	3.0167298	-2.2099092	-2.8110971
1207.245	1.0535538	3.018924	-2.2146175	-2.8225584
1207.256	1.0591239	3.0210412	-2.2193654	-2.8339953
1207.267	1.064692	3.0231814	-2.2241569	-2.8454189
1207.278	1.0702589	3.0253096	-2.228996	-2.8569224
1207.2891	1.0758255	3.0274053	-2.2338858	-2.8683805
1207.3	1.0813926	3.0294998	-2.2388251	-2.8798022
1207.311	1.0869609	3.0316126	-2.2438102	-2.891243
1207.322	1.092531	3.0337098	-2.2488346	-2.9027238
1207.333	1.0981032	3.0358269	-2.2538927	-2.9141326
1207.344	1.1036777	3.0379329	-2.25898	-2.9255617
1207.355	1.1092552	3.0400543	-2.2640951	-2.9370012
1207.366	1.1148357	3.0421627	-2.2692413	-2.9484076
1207.377	1.1204194	3.0442643	-2.2744241	-2.9597878
1207.3881	1.1260061	3.0463717	-2.2796485	-2.9712257
1207.399	1.1315951	3.0484695	-2.2849207	-2.9827178
1207.41	1.1371855	3.0505633	-2.2902434	-2.9941299
1207.421	1.1427759	3.0526266	-2.2956171	-3.0055501
1207.432	1.1483651	3.0547178	-2.3010406	-3.0170488
1207.443	1.1539522	3.0567605	-2.3065119	-3.0285392
1207.454	1.1595367	3.0588162	-2.3120279	-3.0400157
1207.465	1.1651185	3.0608802	-2.3175874	-3.0514848
1207.476	1.170698	3.0629799	-2.3231909	-3.0629601
1207.4871	1.1762762	3.0650632	-2.3288414	-3.0743935
1207.498	1.1818542	3.0671024	-2.3345435	-3.085813
1207.509	1.1874331	3.0691118	-2.3403015	-3.0972831
1207.52	1.1930141	3.0711222	-2.3461187	-3.1088123
1207.531	1.1985983	3.0731628	-2.3519945	-3.1203041
1207.542	1.2041863	3.0752349	-2.3579242	-3.13182
1207.553	1.2097783	3.0773587	-2.3639004	-3.1432998
1207.564	1.2153744	3.0794737	-2.3699145	-3.1548047
1207.575	1.2209741	3.0815616	-2.3759604	-3.1662495
1207.5861	1.226577	3.0835929	-2.3820336	-3.1776998
1207.597	1.2321829	3.0856144	-2.3881359	-3.1891868
1207.608	1.2377911	3.0876522	-2.3942726	-3.2005756
1207.619	1.2434008	3.0897298	-2.4004498	-3.2119567
1207.63	1.2490115	3.0918286	-2.4066727	-3.2234001
1207.641	1.254622	3.0939264	-2.4129446	-3.2348616
1207.652	1.2602319	3.096004	-2.4192641	-3.2462802
1207.663	1.2658404	3.0980682	-2.4256244	-3.2577286
1207.674	1.2714475	3.1001184	-2.4320176	-3.2691646
1207.6851	1.2770528	3.1021814	-2.4384341	-3.2806051
1207.696	1.2826561	3.104248	-2.4448662	-3.2919953
1207.707	1.2882571	3.1063147	-2.4513083	-3.3033869
1207.718	1.2938555	3.1084113	-2.4577572	-3.3148341
1207.729	1.2994516	3.1104639	-2.4642127	-3.3262968
1207.74	1.3050457	3.1124973	-2.470675	-3.3377287
1207.751	1.3106385	3.1145244	-2.4771442	-3.349194
1207.762	1.3162315	3.1165402	-2.4836202	-3.3606842
1207.7729	1.3218262	3.1185408	-2.4901016	-3.3720977
1207.7841	1.3274243	3.120549	-2.4965858	-3.3835776
1207.795	1.3330275	3.122551	-2.5030692	-3.3951082
1207.806	1.3386365	3.1245816	-2.5095482	-3.4066055
1207.817	1.344252	3.1266227	-2.5160203	-3.4180014
1207.828	1.3498739	3.1286323	-2.5224848	-3.429445
1207.839	1.3555015	3.1306436	-2.528944	-3.4408612
1207.85	1.3611341	3.1326392	-2.5354033	-3.4522264
1207.861	1.3667701	3.1346295	-2.5418682	-3.4636164
1207.8719	1.3724091	3.1366611	-2.5483439	-3.4750524
1207.8831	1.3780494	3.1386917	-2.5548327	-3.48651
1207.894	1.3836898	3.1407871	-2.5613339	-3.4979594
1207.905	1.3893291	3.1429119	-2.567842	-3.5093906
1207.916	1.3949662	3.1450231	-2.5743511	-3.5208924
1207.927	1.4005998	3.1471145	-2.5808549	-3.5323482
1207.938	1.4062287	3.1492105	-2.5873494	-3.5437124
1207.949	1.4118519	3.1512721	-2.5938339	-3.555089
1207.96	1.4174688	3.1533217	-2.6003101	-3.5664902
1207.9709	1.4230797	3.1553612	-2.6067827	-3.5778458
1207.9821	1.4286855	3.1574016	-2.6132555	-3.5892215
1207.993	1.4342884	3.1594765	-2.6197312	-3.6006656
1208.004	1.4398906	3.1615586	-2.6262109	-3.6121218
1208.015	1.4454941	3.1636064	-2.6326952	-3.6234968
1208.026	1.4511002	3.165669	-2.6391821	-3.6348524
1208.037	1.4567095	3.1677256	-2.6456697	-3.6462474
1208.048	1.4623215	3.1697624	-2.6521559	-3.6575873
1208.059	1.4679354	3.1718223	-2.658638	-3.6689405
1208.0699	1.4735507	3.1739106	-2.6651125	-3.6803689
1208.0811	1.4791672	3.1759903	-2.6715782	-3.691853
1208.092	1.4847854	3.1780345	-2.6780357	-3.7032113
1208.103	1.4904056	3.1800823	-2.6844866	-3.7145829
1208.114	1.4960277	3.1821134	-2.6909347	-3.7260284
1208.125	1.5016512	3.1841645	-2.6973841	-3.7374904
1208.136	1.5072745	3.1862559	-2.7038386	-3.7489233
1208.147	1.5128957	3.1883893	-2.7102993	-3.7603672
1208.158	1.5185131	3.1905093	-2.7167659	-3.7718322
1208.1689	1.5241255	3.192584	-2.723237	-3.7832611
1208.1801	1.5297323	3.1946187	-2.7297111	-3.7946706
1208.191	1.5353345	3.196651	-2.7361863	-3.806145
1208.202	1.5409328	3.1986723	-2.7426615	-3.8176301
1208.213	1.5465285	3.200701	-2.7491372	-3.8290377
1208.224	1.5521226	3.2027798	-2.7556121	-3.8404059
1208.235	1.5577166	3.2048748	-2.7620847	-3.8518789
1208.246	1.5633119	3.2069595	-2.7685518	-3.8633282
1208.257	1.5689102	3.2090137	-2.7750087	-3.8747873
1208.2681	1.5745134	3.2110784	-2.7814503	-3.8862612
1208.2791	1.5801232	3.2131219	-2.7878733	-3.8977215
1208.29	1.5857407	3.2151768	-2.7942774	-3.909102
1208.301	1.5913656	3.2172642	-2.8006663	-3.9203954
1208.312	1.5969965	3.219394	-2.8070464	-3.9317181
1208.323	1.6026314	3.2214932	-2.8134267	-3.9430585
1208.334	1.6082675	3.223572	-2.8198154	-3.9543786
1208.345	1.6139024	3.2256639	-2.8262186	-3.965754
1208.356	1.6195344	3.2277174	-2.8326383	-3.9772246
1208.3671	1.6251626	3.2297463	-2.8390741	-3.9886253
1208.3781	1.6307868	3.2318306	-2.8455217	-4.0000191
1208.389	1.6364071	3.2339282	-2.851975	-4.0114179
1208.4	1.6420238	3.2360308	-2.8584282	-4.0228267
1208.411	1.6476368	3.2380979	-2.864877	-4.034153
1208.422	1.6532459	3.240134	-2.8713179	-4.0454683
1208.433	1.6588507	3.2421803	-2.8777494	-4.0568123
1208.444	1.6644512	3.2441807	-2.8841727	-4.0681529
1208.455	1.6700473	3.2461405	-2.8905888	-4.0794344
1208.4661	1.675639	3.2481422	-2.8969996	-4.0907035
1208.4771	1.681227	3.2501724	-2.9034064	-4.1020007
1208.488	1.6868126	3.2521803	-2.909811	-4.1132774
1208.499	1.692397	3.2542338	-2.9162149	-4.1245222
1208.51	1.6979811	3.2563188	-2.9226196	-4.1357236
1208.521	1.7035667	3.2584054	-2.9290266	-4.1470137
1208.532	1.7091542	3.2604635	-2.9354389	-4.1581984
1208.543	1.7147434	3.2625167	-2.9418597	-4.1693478
1208.554	1.7203333	3.2645626	-2.9482911	-4.1805158
1208.5651	1.7259234	3.2666025	-2.9547338	-4.1917138
1208.576	1.7315123	3.2686653	-2.9611857	-4.2029061
1208.587	1.7370998	3.2707386	-2.9676416	-4.2141199
1208.598	1.7426854	3.2728498	-2.9740934	-4.2253809
1208.609	1.7482698	3.2749496	-2.9805343	-4.2365551
1208.62	1.7538526	3.2770045	-2.9869595	-4.2476053
1208.631	1.7594333	3.2790596	-2.9933689	-4.2585578
1208.642	1.7650108	3.2811017	-2.9997666	-4.2695265
1208.653	1.7705845	3.2831137	-3.006161	-4.2804265
1208.6641	1.7761532	3.2851734	-3.0125606	-4.2913227
1208.675	1.7817174	3.2872288	-3.0189734	-4.3022203
1208.686	1.7872783	3.2892625	-3.0254033	-4.3131042
1208.697	1.7928376	3.2912695	-3.0318518	-4.3239875
1208.708	1.7983968	3.2932911	-3.0383158	-4.334887
1208.719	1.8039578	3.2953289	-3.0447884	-4.3458228
1208.73	1.8095218	3.2973921	-3.0512612	-4.3567109
1208.741	1.8150892	3.2994597	-3.0577257	-4.3675041
1208.752	1.82066	3.3015575	-3.0641732	-4.3783207
1208.7631	1.8262342	3.3036554	-3.0705986	-4.3891459
1208.774	1.8318113	3.3057201	-3.077002	-4.3998814
1208.785	1.837391	3.3077395	-3.0833879	-4.4105625
1208.796	1.8429732	3.3097532	-3.0897629	-4.421289
1208.807	1.8485577	3.3117585	-3.0961366	-4.4320173
1208.818	1.8541439	3.3138144	-3.1025169	-4.4426985
1208.829	1.8597311	3.3159239	-3.1089096	-4.4534073
1208.84	1.8653178	3.3180363	-3.1153166	-4.4641027
1208.851	1.8709027	3.3201444	-3.121738	-4.4747462
1208.8621	1.8764843	3.3222301	-3.12817	-4.485333
1208.873	1.882062	3.3242605	-3.1346083	-4.4959927
1208.884	1.8876357	3.3262668	-3.1410482	-4.5065989
1208.895	1.8932061	3.3282914	-3.1474872	-4.5171032
1208.906	1.898774	3.3303208	-3.1539226	-4.5275941
1208.917	1.9043401	3.3323977	-3.1603534	-4.538106
1208.928	1.9099044	3.3344545	-3.1667805	-4.5486245
1208.939	1.9154665	3.3364866	-3.1732044	-4.5590739
1208.95	1.9210266	3.3385186	-3.1796241	-4.5695829
1208.9611	1.9265844	3.3405535	-3.186038	-4.5801353
1208.972	1.9321411	3.3425858	-3.1924455	-4.5906391
1208.983	1.9376976	3.3446467	-3.1988447	-4.6010795
1208.994	1.9432558	3.3467252	-3.2052362	-4.6115589
1209.005	1.948817	3.3488138	-3.2116225	-4.622014
1209.016	1.9543827	3.3508511	-3.218008	-4.6324406
1209.027	1.9599538	3.3528769	-3.2243974	-4.6428981
1209.038	1.965531	3.354872	-3.2307954	-4.6533403
1209.049	1.9711148	3.3568375	-3.2372048	-4.6637611
1209.0601	1.976705	3.3588331	-3.2436264	-4.6741633
1209.071	1.982301	3.3608646	-3.2500579	-4.684588
1209.082	1.9879017	3.3629155	-3.256496	-4.6950197
1209.093	1.993506	3.3649492	-3.2629352	-4.705368
1209.104	1.9991126	3.3669796	-3.2693684	-4.7157245
1209.115	2.0047202	3.3690095	-3.2757902	-4.7261209
1209.126	2.0103283	3.3710079	-3.2821977	-4.7364507
1209.137	2.0159359	3.3730109	-3.28859	-4.7467256
1209.1479	2.0215433	3.3750081	-3.2949715	-4.7570734
1209.1591	2.0271499	3.3769853	-3.3013494	-4.7673898
1209.17	2.0327561	3.3790054	-3.3077323	-4.7777128
1209.181	2.0383625	3.3810689	-3.314127	-4.7881112
1209.192	2.0439689	3.3831823	-3.3205364	-4.7985873
1209.203	2.049576	3.3853185	-3.3269582	-4.8090882
1209.214	2.0551839	3.3874123	-3.3333864	-4.8195491
1209.225	2.0607929	3.3894947	-3.3398137	-4.8299575
1209.236	2.0664034	3.3915784	-3.3462324	-4.8404217
1209.2469	2.0720155	3.3936219	-3.3526392	-4.8508325
1209.2581	2.0776296	3.3956845	-3.3590336	-4.8612041
1209.269	2.0832455	3.3977902	-3.3654187	-4.8715973
1209.28	2.0888638	3.3998761	-3.3717992	-4.882061
1209.291	2.0944848	3.401932	-3.3781831	-4.8924341
1209.302	2.1001084	3.4039853	-3.3845754	-4.9028015
1209.313	2.1057346	3.4060388	-3.3909807	-4.9132056
1209.324	2.1113625	3.4080889	-3.3974016	-4.9236045
1209.335	2.1169908	3.4101741	-3.403837	-4.9340019
1209.3459	2.122618	3.4122972	-3.4102833	-4.9444199
1209.3571	2.128243	3.4144275	-3.4167359	-4.954854
1209.368	2.1338644	3.4165154	-3.4231894	-4.9652357
1209.379	2.1394823	3.4185197	-3.429641	-4.9756021
1209.39	2.1450963	3.4205217	-3.4360893	-4.9859428
1209.401	2.1507072	3.4225299	-3.4425342	-4.9963799
1209.412	2.1563163	3.4245198	-3.4489772	-5.0067782
1209.423	2.1619241	3.4265628	-3.4554193	-5.0171952
1209.434	2.1675315	3.4286427	-3.461859	-5.0276566
1209.4449	2.1731396	3.4307323	-3.4682939	-5.0381813
1209.4561	2.1787493	3.4327936	-3.4747217	-5.0486393
1209.467	2.1843617	3.4348388	-3.4811399	-5.0590692
1209.478	2.1899779	3.4368865	-3.4875474	-5.0695233
1209.489	2.1955991	3.4389277	-3.4939458	-5.0799241
1209.5	2.2012253	3.4409976	-3.5003376	-5.0903325
1209.511	2.2068567	3.4431012	-3.5067263	-5.1008005
1209.522	2.2124927	3.4451969	-3.5131154	-5.111249
1209.533	2.2181325	3.4472675	-3.5195093	-5.1216388
1209.5439	2.2237747	3.4493027	-3.5259111	-5.1320047
1209.5551	2.2294176	3.4513373	-3.5323231	-5.1423745
1209.566	2.2350605	3.4533815	-3.5387466	-5.1527281
1209.577	2.2407022	3.4554567	-3.5451808	-5.1631026
1209.588	2.2463415	3.4575527	-3.5516224	-5.1734982
1209.599	2.2519777	3.4596782	-3.5580668	-5.1839128
1209.61	2.2576108	3.4617605	-3.5645092	-5.1942997
1209.621	2.2632406	3.4637897	-3.5709455	-5.2047009
1209.632	2.2688665	3.4658139	-3.5773749	-5.2151003
1209.6431	2.2744896	3.4678185	-3.5837979	-5.2255182
1209.6541	2.2801096	3.4698353	-3.5902188	-5.2359419
1209.665	2.2857273	3.471874	-3.5966439	-5.2463527
1209.676	2.2913423	3.4739385	-3.6030796	-5.2567959
1209.687	2.2969546	3.4760063	-3.6095309	-5.2672539
1209.698	2.3025649	3.4780447	-3.6160014	-5.2776647
1209.709	2.3081727	3.4801102	-3.6224887	-5.2881169
1209.72	2.3137784	3.4821317	-3.6289878	-5.2986422
1209.731	2.3193829	3.4841216	-3.6354921	-5.3090906
1209.7421	2.3249869	3.4861283	-3.6419935	-5.3195214
1209.7531	2.3305914	3.4881077	-3.6484873	-5.3299961
1209.764	2.3361971	3.4901071	-3.6549733	-5.340414
1209.775	2.3418043	3.4920979	-3.6614547	-5.350729
1209.786	2.3474133	3.494096	-3.6679375	-5.3610983
1209.797	2.3530231	3.4960909	-3.6744287	-5.3714337
1209.808	2.3586333	3.4980857	-3.6809325	-5.3817673
1209.819	2.3642426	3.5000777	-3.6874506	-5.3921728
1209.83	2.3698499	3.5020924	-3.6939824	-5.4025583
1209.8411	2.3754537	3.5041325	-3.7005239	-5.4129553
1209.8521	2.3810534	3.5061741	-3.7070718	-5.4233747
1209.863	2.3866484	3.5082281	-3.7136238	-5.4337034
1209.874	2.3922389	3.5102952	-3.7201777	-5.4440932
1209.885	2.3978257	3.5123575	-3.7267332	-5.4545431
1209.896	2.4034104	3.5143821	-3.7332926	-5.4649282
1209.907	2.408994	3.5163805	-3.7398584	-5.4753275
1209.918	2.4145765	3.5183911	-3.7464328	-5.4857817
1209.929	2.4201584	3.5204225	-3.7530186	-5.4961815
1209.9401	2.4257386	3.5225148	-3.7596166	-5.5065622
1209.951	2.4313173	3.5246246	-3.7662241	-5.5170097
1209.962	2.4368947	3.5267117	-3.7728384	-5.5274882
1209.973	2.4424715	3.5287671	-3.7794545	-5.5379043
1209.984	2.4480488	3.5308115	-3.7860684	-5.5483356
1209.995	2.4536278	3.5328429	-3.7926784	-5.5587916
1210.006	2.4592083	3.534878	-3.7992852	-5.5691805
1210.017	2.4647896	3.5369513	-3.8058918	-5.5795393
1210.028	2.4703717	3.5390365	-3.8125017	-5.58989
1210.0391	2.4759533	3.5411222	-3.819119	-5.6002464
1210.05	2.4815347	3.5431902	-3.8257453	-5.6105995
1210.061	2.4871159	3.5452178	-3.832381	-5.6209421
1210.072	2.4926975	3.547255	-3.8390238	-5.6313004
1210.083	2.4982796	3.5493321	-3.8456693	-5.6417027
1210.094	2.5038629	3.551398	-3.8523133	-5.6520958
1210.105	2.5094471	3.5534875	-3.8589513	-5.6625347
1210.116	2.5150325	3.5555871	-3.865581	-5.6729665
1210.127	2.5206184	3.5576551	-3.8722034	-5.683362
1210.1381	2.5262051	3.5596924	-3.8788214	-5.6937342
1210.149	2.5317919	3.5617542	-3.8854396	-5.7041869
1210.16	2.5373785	3.5637987	-3.8920627	-5.7147136
1210.171	2.5429652	3.5658491	-3.898695	-5.7251186
1210.182	2.5485516	3.5679305	-3.9053366	-5.7355628
1210.193	2.5541377	3.5700262	-3.9119852	-5.7461023
1210.204	2.5597236	3.5721407	-3.918637	-5.7566047
1210.215	2.5653098	3.5742354	-3.925287	-5.7670074
1210.226	2.5708971	3.5763247	-3.9319286	-5.7774363
1210.2371	2.5764861	3.5783572	-3.9385586	-5.7878809
1210.248	2.5820782	3.5803916	-3.9451754	-5.7982283
1210.259	2.5876746	3.5824456	-3.9517803	-5.8085446
1210.27	2.5932763	3.5845189	-3.9583776	-5.8188891
1210.281	2.5988834	3.5866089	-3.9649744	-5.8292246
1210.292	2.6044958	3.5886936	-3.9715779	-5.8395104
1210.303	2.6101122	3.5907507	-3.9781942	-5.849834
1210.314	2.6157312	3.5928218	-3.9848261	-5.8602047
1210.325	2.6213517	3.5948541	-3.991473	-5.8706579
1210.3361	2.6269722	3.5969305	-3.9981313	-5.8810987
1210.347	2.6325917	3.5990438	-4.0047936	-5.8915634
1210.358	2.6382101	3.6011803	-4.0114532	-5.9021106
1210.369	2.643827	3.6032639	-4.018106	-5.9125552
1210.38	2.6494427	3.6053019	-4.0247502	-5.9229341
1210.391	2.6550574	3.6073096	-4.0313869	-5.9333982
1210.402	2.6606724	3.6092954	-4.0380211	-5.9438519
1210.413	2.6662881	3.6112745	-4.0446577	-5.9542718
1210.424	2.6719048	3.6132858	-4.0513005	-5.9647808
1210.4351	2.6775227	3.6152947	-4.057951	-5.9752731
1210.446	2.6831419	3.6173046	-4.0646076	-5.9857445
1210.457	2.6887619	3.6193399	-4.0712657	-5.9961944
1210.468	2.6943829	3.6213808	-4.07792	-6.0066319
1210.479	2.7000048	3.6234281	-4.0845661	-6.017024
1210.49	2.7056282	3.6254346	-4.0912008	-6.0273767
1210.501	2.7112536	3.6274393	-4.0978251	-6.0377226
1210.512	2.7168818	3.6294258	-4.1044421	-6.0480437
1210.5229	2.722513	3.6314361	-4.1110578	-6.0584126
1210.5341	2.7281473	3.6334701	-4.1176782	-6.0687475
1210.545	2.733784	3.635565	-4.1243081	-6.079072
1210.556	2.7394218	3.637702	-4.1309485	-6.0894642
1210.567	2.7450593	3.6398084	-4.1375985	-6.0998759
1210.578	2.750695	3.6418579	-4.1442523	-6.1103044
1210.589	2.7563279	3.6439135	-4.1509032	-6.1208191
1210.6	2.7619569	3.6459506	-4.1575465	-6.1312881
1210.611	2.7675824	3.6479816	-4.1641812	-6.1416397
1210.6219	2.7732036	3.6500475	-4.1708088	-6.1520295
1210.6331	2.7788212	3.6521053	-4.1774344	-6.162467
1210.644	2.784435	3.6541498	-4.1840644	-6.1729269
1210.655	2.7900453	3.656194	-4.1907024	-6.1833625
1210.666	2.7956526	3.6582108	-4.1973476	-6.1938634
1210.677	2.8012571	3.6602552	-4.2039971	-6.2043905
1210.688	2.8068593	3.6623023	-4.2106442	-6.2148409
1210.699	2.8124602	3.6643565	-4.2172823	-6.2252383
1210.71	2.8180606	3.6664255	-4.2239041	-6.2355866
1210.7209	2.823662	3.6685061	-4.2305079	-6.2459478
1210.7321	2.8292656	3.6705492	-4.2370944	-6.2562408
1210.743	2.8348722	3.6725738	-4.2436676	-6.2664886
1210.754	2.8404827	3.6746039	-4.2502337	-6.2767835
1210.765	2.8460975	3.6766088	-4.2568021	-6.2871132
1210.776	2.8517158	3.6786525	-4.263382	-6.2974133
1210.787	2.857337	3.6807237	-4.2699795	-6.3077598
1210.798	2.8629591	3.6828442	-4.276598	-6.318222
1210.809	2.8685813	3.6849208	-4.2832379	-6.3286657
1210.8199	2.8742008	3.6869938	-4.2898946	-6.3390512
1210.8311	2.8798172	3.6890764	-4.2965598	-6.3494558
1210.842	2.8854294	3.6911132	-4.3032246	-6.3598771
1210.853	2.8910377	3.6931343	-4.3098822	-6.3701262
1210.864	2.8966424	3.6951871	-4.3165283	-6.380321
1210.875	2.9022448	3.6972389	-4.323163	-6.390522
1210.886	2.9078453	3.6993027	-4.3297887	-6.400671
1210.897	2.913445	3.7013438	-4.3364096	-6.4107771
1210.908	2.9190438	3.7033567	-4.3430271	-6.4208994
1210.9189	2.9246423	3.7053754	-4.3496413	-6.4310126
1210.9301	2.9302402	3.7074008	-4.3562498	-6.4410625
1210.941	2.9358373	3.7094951	-4.3628488	-6.4510131
1210.952	2.9414334	3.7116232	-4.3694315	-6.4609575
1210.963	2.9470289	3.713732	-4.3759947	-6.4708891
1210.974	2.9526236	3.7158141	-4.3825355	-6.4806938
1210.985	2.9582176	3.7178583	-4.3890524	-6.4905081
1210.996	2.9638116	3.7198918	-4.3955479	-6.5002813
1211.007	2.9694059	3.7219152	-4.4020257	-6.5100498
1211.0181	2.9750011	3.723968	-4.4084926	-6.5197482
1211.0291	2.9805973	3.7260499	-4.4149542	-6.5294948
1211.04	2.9861944	3.7281475	-4.4214153	-6.5393162
1211.051	2.9917922	3.730206	-4.4278779	-6.5490675
1211.062	2.99739	3.73227	-4.4343405	-6.5587788
1211.073	3.0029869	3.7343454	-4.4407964	-6.5685215
1211.084	3.0085819	3.736407	-4.4472408	-6.5781574
1211.095	3.0141752	3.7384322	-4.4536681	-6.5877357
1211.106	3.0197663	3.7404301	-4.4600754	-6.5972862
1211.1171	3.0253565	3.7424166	-4.466465	-6.6068101
1211.1281	3.0309463	3.7444081	-4.4728417	-6.6162834
1211.139	3.0365362	3.7464569	-4.4792123	-6.6256871
1211.15	3.0421271	3.7485249	-4.4855814	-6.6351295
1211.161	3.0477185	3.7506282	-4.49195	-6.6446223
1211.172	3.0533104	3.7527041	-4.4983172	-6.6540108
1211.183	3.0589027	3.7547567	-4.5046782	-6.6633167
1211.194	3.0644958	3.7568109	-4.5110273	-6.6725817
1211.205	3.0700896	3.7588441	-4.5173597	-6.6818023
1211.2161	3.0756845	3.7609146	-4.523675	-6.6909781
1211.2271	3.0812814	3.7630191	-4.529973	-6.7001123
1211.238	3.0868795	3.7651124	-4.5362587	-6.7092528
1211.249	3.092479	3.76719	-4.5425367	-6.7183099
1211.26	3.0980785	3.7692258	-4.5488133	-6.7273602
1211.271	3.103678	3.7712727	-4.5550904	-6.7364988
1211.282	3.1092761	3.7733099	-4.5613704	-6.7456903
1211.293	3.1148725	3.7753861	-4.5676498	-6.7548289
1211.304	3.1204674	3.7774858	-4.573925	-6.7639546
1211.3151	3.1260605	3.7795591	-4.5801888	-6.7729883
1211.326	3.1316528	3.7816722	-4.5864353	-6.7819996
1211.337	3.1372445	3.7837319	-4.5926585	-6.7909417
1211.348	3.1428356	3.7858038	-4.5988545	-6.7998362
1211.359	3.1484268	3.7878494	-4.605021	-6.8087234
1211.37	3.1540177	3.7898741	-4.6111603	-6.8175478
1211.381	3.1596076	3.7919328	-4.6172767	-6.8263869
1211.392	3.1651967	3.7940066	-4.6233754	-6.8352456
1211.403	3.1707847	3.7960823	-4.6294637	-6.8441525
1211.4141	3.1763716	3.7981455	-4.6355438	-6.853076
1211.425	3.1819572	3.8002062	-4.6416168	-6.8619814
1211.436	3.187542	3.8022633	-4.6476798	-6.8708587
1211.447	3.1931262	3.8043051	-4.6537285	-6.879704
1211.458	3.1987104	3.806354	-4.65976	-6.8885098
1211.469	3.2042952	3.8084457	-4.6657739	-6.8973165
1211.48	3.2098808	3.810564	-4.6717725	-6.9061685
1211.491	3.2154689	3.8126338	-4.6777601	-6.9150262
1211.502	3.2210598	3.814667	-4.6837435	-6.9238648
1211.5131	3.2266538	3.8167059	-4.6897273	-6.9327431
1211.524	3.2322507	3.8187301	-4.6957154	-6.9416571
1211.535	3.2378502	3.8207736	-4.7017121	-6.9505372
1211.546	3.2434514	3.8228855	-4.7077184	-6.9593878
1211.557	3.249053	3.8250108	-4.7137351	-6.9682717
1211.568	3.2546544	3.827085	-4.719759	-6.9771438
1211.579	3.2602551	3.8291523	-4.7257857	-6.9860392
1211.59	3.2658546	3.8312111	-4.7318087	-6.9949369
1211.601	3.2714524	3.8332443	-4.7378201	-7.0037918
1211.6121	3.2770488	3.8352947	-4.7438159	-7.0125961
1211.623	3.2826431	3.8373513	-4.749795	-7.0214114
1211.634	3.2882357	3.8394015	-4.7557583	-7.0302858
1211.645	3.2938266	3.8414614	-4.7617102	-7.0391941
1211.656	3.2994168	3.8434837	-4.7676558	-7.0480561
1211.667	3.3050067	3.8455067	-4.7735991	-7.0568824
1211.678	3.3105969	3.8475373	-4.7795405	-7.065721
1211.689	3.3161874	3.8495734	-4.785481	-7.0745497
1211.7	3.3217781	3.8515985	-4.7914195	-7.0833516
1211.7111	3.3273685	3.8536394	-4.7973547	-7.0921521
1211.722	3.3329587	3.8556645	-4.8032861	-7.1009922
1211.733	3.3385491	3.8576388	-4.8092146	-7.109818
1211.744	3.3441408	3.8596244	-4.8151422	-7.1186948
1211.755	3.3497348	3.861655	-4.8210697	-7.1276345
1211.766	3.3553321	3.8636718	-4.8270011	-7.136517
1211.777	3.3609331	3.8656695	-4.8329377	-7.1453314
1211.788	3.3665369	3.8676863	-4.8388805	-7.1542039
1211.799	3.3721428	3.8697016	-4.8448291	-7.1631126
1211.8101	3.3777497	3.8717675	-4.8507814	-7.1719995
1211.821	3.3833563	3.8738675	-4.8567338	-7.1808314
1211.832	3.388962	3.8759887	-4.8626838	-7.1896634
1211.843	3.3945658	3.8780928	-4.868629	-7.1984935
1211.854	3.4001672	3.8801217	-4.8745704	-7.2072916
1211.865	3.4057655	3.8821609	-4.8805094	-7.2160902
1211.876	3.41136	3.8842125	-4.8864484	-7.2250161
1211.887	3.4169505	3.8862033	-4.8923912	-7.2339034
1211.8979	3.4225366	3.8882558	-4.8983412	-7.2427211
1211.9091	3.4281189	3.890321	-4.9042997	-7.251574
1211.92	3.4336987	3.8924096	-4.9102674	-7.2604818
1211.931	3.4392772	3.8944581	-4.916244	-7.2693262
1211.942	3.4448559	3.8965125	-4.9222255	-7.2781482
1211.953	3.4504366	3.8985684	-4.9282064	-7.2870283
1211.964	3.4560201	3.9006364	-4.9341826	-7.2958674
1211.975	3.461607	3.9026937	-4.9401493	-7.3046827
1211.986	3.4671977	3.9047711	-4.9461031	-7.3135681
1211.9969	3.4727919	3.9068525	-4.9520445	-7.3224773
1212.0081	3.4783897	3.9089546	-4.9579749	-7.3313756
1212.019	3.4839914	3.9110329	-4.9638991	-7.3402491
1212.03	3.4895961	3.9130645	-4.9698224	-7.3491459
1212.041	3.4952042	3.9151013	-4.9757504	-7.3579845
1212.052	3.5008152	3.9171605	-4.9816861	-7.3668737
1212.063	3.5064282	3.9192619	-4.9876308	-7.3757782
1212.074	3.5120432	3.9214067	-4.9935827	-7.3846388
1212.085	3.5176587	3.9235666	-4.9995365	-7.393537
1212.0959	3.5232739	3.9256539	-5.005487	-7.4024134
1212.1071	3.5288882	3.9277027	-5.0114279	-7.4113135
1212.118	3.5345006	3.9297562	-5.0173573	-7.4202108
1212.129	3.5401111	3.9318116	-5.0232763	-7.4290996
1212.14	3.5457189	3.9338589	-5.0291901	-7.4379411
1212.151	3.5513246	3.9359531	-5.0351024	-7.4468579
1212.162	3.5569289	3.9380574	-5.0410194	-7.4558187
1212.173	3.5625315	3.9401472	-5.0469432	-7.4647112
1212.184	3.5681331	3.9422317	-5.0528731	-7.4735594
1212.1949	3.5737338	3.9443161	-5.0588059	-7.4824471
1212.2061	3.5793331	3.9463639	-5.0647373	-7.491312
1212.217	3.5849302	3.9484804	-5.0706639	-7.5001493
1212.228	3.5905247	3.9505949	-5.076581	-7.5090709
1212.239	3.596117	3.9527063	-5.0824876	-7.5179949
1212.25	3.6017079	3.9547653	-5.0883837	-7.5268574
1212.261	3.6072989	3.9567637	-5.0942698	-7.5357637
1212.272	3.6128914	3.9587121	-5.1001458	-7.5447125
1212.283	3.6184862	3.9606709	-5.1060128	-7.5536518
1212.2939	3.624083	3.9626627	-5.1118703	-7.5625567
1212.3051	3.6296809	3.9645734	-5.1177168	-7.5714116
1212.316	3.6352785	3.9664433	-5.123548	-7.5803256
1212.327	3.6408741	3.9682732	-5.1293616	-7.58922
1212.338	3.646467	3.9700253	-5.1351528	-7.5980835
1212.349	3.6520572	3.9717398	-5.1409183	-7.6069965
1212.36	3.657645	3.9733863	-5.146656	-7.6159711
1212.371	3.6632316	3.9749472	-5.1523676	-7.6248522
1212.382	3.6688178	3.9764304	-5.1580548	-7.6337266
1212.3931	3.6744044	3.9778602	-5.1637216	-7.6426296
1212.4041	3.6799917	3.9793108	-5.1693707	-7.651535
1212.415	3.6855798	3.9807253	-5.175004	-7.6604018
1212.426	3.6911685	3.9821091	-5.1806192	-7.6692758
1212.437	3.6967583	3.9834487	-5.1862125	-7.678113
1212.448	3.7023485	3.9847417	-5.1917787	-7.6869516
1212.459	3.7079396	3.9859607	-5.1973128	-7.6957669
1212.47	3.7135324	3.987144	-5.2028131	-7.7046137
1212.481	3.7191269	3.988307	-5.2082806	-7.713501
1212.4921	3.7247236	3.9894173	-5.2137198	-7.7223134
1212.5031	3.7303226	3.9904714	-5.2191377	-7.7311034
1212.514	3.7359231	3.9915068	-5.2245426	-7.7399936
1212.525	3.7415247	3.9925213	-5.2299414	-7.7488866
1212.536	3.7471261	3.9934764	-5.2353411	-7.7577486
1212.547	3.7527261	3.9944029	-5.2407436	-7.7666025
1212.558	3.7583234	3.9952891	-5.2461491	-7.7754607
1212.569	3.763917	3.9960966	-5.2515545	-7.7843127
1212.58	3.769506	3.9968841	-5.2569528	-7.7931528
1212.5911	3.7750902	3.9976654	-5.2623343	-7.8020606
1212.6021	3.7806706	3.998379	-5.2676907	-7.810957
1212.613	3.7862473	3.9990346	-5.273016	-7.8197775
1212.624	3.791821	3.9996133	-5.278307	-7.8286285
1212.635	3.7973931	4.0001435	-5.2835655	-7.8375926
1212.646	3.802964	4.0006399	-5.2887974	-7.8464789
1212.657	3.8085346	4.0011239	-5.2940087	-7.8553176
1212.668	3.8141055	4.0015936	-5.2992043	-7.8642125
1212.679	3.8196769	4.0020318	-5.3043866	-7.8730898
1212.6901	3.8252487	4.0024343	-5.3095551	-7.881897
1212.701	3.830821	4.002779	-5.3147073	-7.8907371
1212.712	3.8363943	4.0030804	-5.31984	-7.899549
1212.723	3.841969	4.0033417	-5.3249526	-7.9083886
1212.734	3.8475461	4.0035563	-5.3300457	-7.917232
1212.745	3.8531268	4.0037236	-5.3351216	-7.9260845
1212.756	3.8587122	4.0038862	-5.3401842	-7.9349737
1212.767	3.8643036	4.0040002	-5.3452358	-7.9438639
1212.778	3.8699014	4.0040488	-5.3502812	-7.9527073
1212.7891	3.875505	4.0040731	-5.3553209	-7.9615421
1212.8	3.8811138	4.004066	-5.3603554	-7.9704733
1212.811	3.8867261	4.0040669	-5.3653841	-7.979301
1212.822	3.8923397	4.0041099	-5.3704062	-7.9880953
1212.833	3.8979523	4.0041294	-5.3754191	-7.9969678
1212.844	3.9035625	4.004106	-5.3804235	-8.0058002
1212.855	3.9091685	4.0040555	-5.3854208	-8.0145884
1212.866	3.9147696	4.0040245	-5.3904128	-8.0234346
1212.877	3.9203663	4.0039763	-5.3954048	-8.032299
1212.8881	3.9259593	4.0039225	-5.4004016	-8.0411835
1212.899	3.9315493	4.0038753	-5.4054079	-8.0500412
1212.91	3.9371371	4.0038385	-5.4104257	-8.0588655
1212.921	3.9427242	4.0038171	-5.4154525	-8.0677481
1212.932	3.9483116	4.0038066	-5.4204845	-8.0766068
1212.943	3.9538999	4.0038271	-5.4255142	-8.0854692
1212.954	3.9594901	4.0038362	-5.4305334	-8.094388
1212.965	3.9650834	4.0023603	-5.4355383	-8.1032667
